  -1.6850402776897706e-02   5.0884927428061508e-03  -5.1653398857661186e+00   6.4658312589005917e-01  -2.1691667199956043e-02   1.0000000000285361e+00  -1.3071844590277901e+00  -3.4728501191679653e-02  -9.2998665045663578e-03   2.2999686168049227e-01   1.5288971940942658e-01   2.7617715815028709e-01
  -4.7925481204540259e-02   2.0974944842386337e-02  -2.1279246148166853e+00   4.6803708777511899e-01  -5.4273492973887921e-03   6.0306045530657322e+00  -1.7751848506063224e+00  -6.9325667793889531e-02  -5.0278560055965364e-02   2.7542731494575362e-01   2.1658288618683380e-01   3.5038315086094873e-01
  -1.6630905812705165e-02   1.0900408334658144e-02   7.4114840281820005e-01   6.1114534413925892e-01  -1.7301027680709048e-02   8.5053991622501020e+00  -1.4457471892058709e+00  -3.2627030991989714e-02  -6.7960332969628657e-03   2.2921378891694782e-01   1.5536325894768016e-01   2.7690558546281985e-01
  -1.6630806554771387e-02   1.0807552908951319e-02   7.2913771450588938e-01   6.1283297742249554e-01  -1.7471010220010436e-02   8.3248799872826957e+00  -1.4415127040254605e+00  -3.2609921329333026e-02  -6.8583881801137451e-03   2.2919368687490818e-01   1.5527295512315106e-01   2.7683828618164352e-01
  -1.9827535682615301e-02   8.9549703450147577e-03   8.2958956583745525e-01   6.0377349740564445e-01  -1.6689420906219107e-02   8.1126764311035657e+00  -1.4708407539291570e+00  -3.9422650444971188e-02  -1.1857365198986959e-02   2.3293765949194986e-01   1.5764924508886674e-01   2.8127075512160371e-01
  -2.6348069477345359e-02   7.1038724309318412e-03   1.2578941214075547e+00   5.3609094708087246e-01  -1.0842797393216572e-02   7.7236705566120261e+00  -1.5724850366798064e+00  -5.8413733476565269e-02  -2.7550542006471987e-02   2.4345631848238911e-01   1.7208959478750138e-01   2.9813722954895266e-01
  -3.4824919538006274e-02   1.7821551035312910e-02   1.5062318497591449e+00   5.2322895635809019e-01  -9.6378412439106984e-03   7.4625548645003992e+00  -1.6565442827024308e+00  -7.4062042059512695e-02  -4.7584294554586203e-02   2.5383093482827190e-01   1.8702716799003535e-01   3.1529241196414370e-01
  -3.3813596829977872e-02   2.1976691513033407e-02   1.5859131010710359e+00   5.4459609908772155e-01  -1.1398339013144592e-02   7.5107608410438420e+00  -1.7099237616640250e+00  -7.1475770850475767e-02  -4.3680269206727844e-02   2.5764648789554662e-01   1.9874697198907473e-01   3.2539525442104422e-01
  -3.7568736150801640e-02   8.7440145723678610e-03   1.6300401368321793e+00   5.5313486264128653e-01  -1.2510378865344830e-02   7.9397931592121003e+00  -1.7160470308001132e+00  -5.2172222362624594e-02  -2.2457119851463918e-02   2.5637194753019088e-01   1.9697170912747886e-01   3.2330238118056459e-01
  -3.6865278591201318e-02   2.0655883906431929e-02   1.4604247718039847e+00   6.2318378517556905e-01  -1.9191872055396512e-02   8.4658505407627729e+00  -1.7010989817892943e+00  -3.7162425880626612e-02  -2.5447493279961250e-02   2.5407697127409357e-01   2.0363712918359542e-01   3.2561202022338315e-01
  -3.5623733234424505e-02   1.8917204544569993e-02   1.8100079195165442e+00   5.2167557108226559e-01  -1.0678764173927562e-02   9.5371584895929118e+00  -1.7135867558430633e+00  -2.4220941063804648e-02  -9.3281067556231449e-03   2.5290809505968603e-01   2.0286689661788551e-01   3.2421826335061854e-01
  -2.9518579958257230e-02   1.9985134144771752e-02   1.6715616501747292e+00   5.6843278111414908e-01  -1.5055705550583396e-02   1.1631210333699020e+01  -1.6839713785787038e+00  -6.4887875721775339e-03  -5.0138782402855216e-04   2.5625502730296246e-01   1.9055599798915326e-01   3.1934030028745858e-01
   1.1414062129923732e-02   2.1438078469964324e-03   2.9917272864863714e-01   8.7068799739708069e-01  -3.7536128698477403e-02   1.4767152827385173e+01  -1.4749444355664583e+00   7.1609516114282687e-03   4.6880474108952552e-03   2.2944491960175747e-01   1.4908683795677211e-01   2.7362722156796787e-01
   1.2548084542018903e-02  -5.8944252455241444e-03  -4.8458837345319461e-01   1.0872189418288882e+00  -5.5478314550574163e-02   1.7469751232807791e+01  -1.4171584726815629e+00   1.6444443294616144e-02   2.0710655477410411e-02   2.2599802003272121e-01   1.2877616555024499e-01   2.6011229473543607e-01
   2.1424358886516563e-02  -6.2173490082958324e-03  -9.8292342765344953e-01   1.2056925207608982e+00  -6.3952102459110774e-02   1.8857552940523611e+01  -1.3759193472843483e+00   1.2291134812473714e-02   1.2712100376545404e-04   2.2131103841621824e-01   1.2476198045890895e-01   2.5405536304690363e-01
   2.5176714365737568e-02  -2.7372988278028129e-02  -2.8181907518344569e+00   1.7212456332699972e+00  -1.0456230692185334e-01   1.8687621056511073e+01  -1.3027039239100000e+00   2.7235771168505365e-02   2.2095958816491186e-02   2.2429856225736972e-01   1.3687376284415853e-01   2.6276276750301231e-01
   2.9637787673097903e-02  -3.2092952103889377e-02  -4.4035002527010176e+00   2.1660832639881700e+00  -1.4042400435595995e-01   1.7634270049338074e+01  -1.2147593476885552e+00   2.2662090236615168e-02   2.4089959555337694e-02   2.2921927087322413e-01   1.3409975107450117e-01   2.6556396099225449e-01
   3.0268365665353150e-02  -3.4588843811050839e-02  -5.2934637072287902e+00   2.3758356385005270e+00  -1.5523417875585016e-01   1.6790082618420016e+01  -1.1614733254598659e+00   3.5452307225293675e-02   5.6759864987564058e-02   2.3540738331940164e-01   1.3132745409678229e-01   2.6956174862326099e-01
   2.3309611879075615e-02  -3.3243042265581772e-02  -5.9131944405336077e+00   2.5230127914751614e+00  -1.6669141505403312e-01   1.6239790432869903e+01  -1.0966708801429850e+00   3.3568734763827685e-02   6.4741512236580104e-02   2.3161920704669595e-01   1.3149808274665234e-01   2.6634414361683578e-01
   1.9152804022362163e-02  -2.7623374984298867e-02  -6.1881184496863471e+00   2.5805910491531869e+00  -1.7026659072672384e-01   1.6085773401581292e+01  -1.0796978949736267e+00   2.9173388293210135e-02   6.9865303622172276e-02   2.3176518749632410e-01   1.2710649440572794e-01   2.6433154003130160e-01
   2.1465767347323975e-02  -3.4351499132735386e-02  -6.5867949060023898e+00   2.6772735675368509e+00  -1.7709745271676441e-01   1.5608699206334883e+01  -1.0552942533560765e+00   2.1194614417838119e-02   7.2717720045588533e-02   2.3495618885565941e-01   1.2671697903600601e-01   2.6694869068341182e-01
   2.2569042382444959e-02  -3.9411584795154497e-02  -6.8974353804348558e+00   2.7406472326551699e+00  -1.8145938280961707e-01   1.5080666522871875e+01  -1.0239437088185153e+00   2.5617103674612722e-02   7.8811923638618941e-02   2.3637686701176011e-01   1.3039216288851824e-01   2.6995581008943148e-01
   2.3854067849413765e-02  -3.6709827722716026e-02  -7.0109603978221502e+00   2.7521341269847270e+00  -1.8154661817817655e-01   1.4708676245746705e+01  -1.0119227821160568e+00   2.7703485804532406e-02   8.4437953605137339e-02   2.3544753272962321e-01   1.3553821464047044e-01   2.7167287000433671e-01
   2.8311906850292719e-02  -3.2860951223091052e-02  -7.2380775800718551e+00   2.7869523193263674e+00  -1.8317817437623288e-01   1.4488601535691547e+01  -9.8972243632784573e-01   3.3614105098564981e-02   8.8459311786598771e-02   2.3793923365514502e-01   1.3560868824300648e-01   2.7387003348191752e-01
   2.6447144221822521e-02  -2.9785321427753517e-02  -7.3312928350933282e+00   2.8019372564637179e+00  -1.8307821197726035e-01   1.4531704465935409e+01  -1.0035660521683205e+00   3.4776480703734111e-02   9.3554923170248841e-02   2.3676263954264770e-01   1.3773288972431175e-01   2.7391038022501291e-01
   2.4163723360003886e-02  -3.2884687419242491e-02  -7.5765639588636198e+00   2.8663824220540457e+00  -1.8747026546959161e-01   1.4701985213293089e+01  -1.0046805668166132e+00   3.1783518440962506e-02   1.0430378774298624e-01   2.3888953185715631e-01   1.4124303560377269e-01   2.7752081640392295e-01
   2.9424065890605366e-02  -3.6030421045454862e-02  -8.0333505262302101e+00   2.9838640292575369e+00  -1.9548614504958983e-01   1.5137383287257467e+01  -1.0043308506702564e+00   1.8688002820750432e-02   1.0590685312322949e-01   2.4150676483774761e-01   1.4596212351699475e-01   2.8218869389822399e-01
   2.9872224290459000e-02  -3.9385328145762628e-02  -8.4152681537356440e+00   3.0715370976052374e+00  -2.0062316751991813e-01   1.5300778433867706e+01  -1.0117546466790703e+00   2.7520569010159042e-02   1.2410877132838005e-01   2.4130772943053408e-01   1.4881081895845288e-01   2.8350322771003028e-01
   2.8068413014910608e-02  -4.6593867419253414e-02  -8.3369180291063660e+00   2.9950591603097769e+00  -1.9210306222720100e-01   1.5130722493290998e+01  -9.9897395068036798e-01   2.6926783490977203e-02   1.1210826645419587e-01   2.4110957954317302e-01   1.5416344546249877e-01   2.8618210507359559e-01
   2.9620485762157103e-02  -4.4677991932732766e-02  -8.3315852492022824e+00   2.9518287380907720e+00  -1.8715485659146486e-01   1.4724043990565967e+01  -9.8305523471583511e-01   2.9848485712815558e-02   1.1634699064370022e-01   2.4172828074779215e-01   1.5636172558003927e-01   2.8789156107751912e-01
   2.6916815884368169e-02  -4.7686479190862954e-02  -8.3201762751041777e+00   2.9134759585155372e+00  -1.8259039830758431e-01   1.4181663592964062e+01  -9.7931666985926513e-01   3.4667491751255559e-02   1.2531464072432946e-01   2.4429980195722778e-01   1.5798402383239252e-01   2.9093185632139817e-01
   2.7354848785356475e-02  -5.1437131443933325e-02  -8.4203046751678734e+00   2.9167724443745970e+00  -1.8123421124907543e-01   1.3731791331873461e+01  -9.8912098924994774e-01   4.4424796953381467e-02   1.3637479740562225e-01   2.4876337206066862e-01   1.6242744788271868e-01   2.9709576083257722e-01
   2.9107841905187736e-02  -5.3108119595274991e-02  -8.3997010608106919e+00   2.8922763679088783e+00  -1.7831496585042550e-01   1.3316570493809593e+01  -1.0002392521865404e+00   5.3571174929395005e-02   1.4495672150002017e-01   2.5110328827442713e-01   1.6682204808889065e-01   3.0146717418452412e-01
   3.1539203591212456e-02  -5.5259195511068532e-02  -8.2948060446614136e+00   2.8286519814637283e+00  -1.7166829140985729e-01   1.3356828203442923e+01  -1.0068400523219592e+00   5.4157971711408258e-02   1.3648246325858826e-01   2.5146937576896744e-01   1.7412183188561084e-01   3.0586804228103837e-01
   3.0154606032290015e-02  -5.8238076416986535e-02  -8.2521577826725512e+00   2.7951053746288039e+00  -1.6783865178293231e-01   1.3738594324643543e+01  -1.0097263753890793e+00   5.2806825133994657e-02   1.3147170455174503e-01   2.5090433607435431e-01   1.7645150804398491e-01   3.0673786944540937e-01
   2.6633229516386629e-02  -5.8713744684438150e-02  -8.2257757596969299e+00   2.7722958970734761e+00  -1.6495059843691862e-01   1.4472207408644680e+01  -1.0209372246027504e+00   5.6564570426778579e-02   1.3097044280972811e-01   2.4935141733967164e-01   1.7729324122183282e-01   3.0595591628900742e-01
   2.4101878920672934e-02  -4.8336712046351669e-02  -7.9185290836339188e+00   2.6346437113356052e+00  -1.5157664962849043e-01   1.5120916968600586e+01  -1.0304048806522692e+00   5.0703454837914247e-02   1.2921707847554301e-01   2.4946789525027238e-01   1.7240980017889729e-01   3.0324803372541126e-01
   2.5508237432744958e-02  -4.4440551141701867e-02  -7.6869386088445877e+00   2.5179334223543597e+00  -1.4024965880477952e-01   1.5443699031341767e+01  -1.0292103587552914e+00   4.2789719720768858e-02   1.2753117862605745e-01   2.4559078058576192e-01   1.7548314236865331e-01   3.0184294718330074e-01
   3.0293568176888875e-02  -4.9316982950302478e-02  -7.5846806127345836e+00   2.4552882949635397e+00  -1.3428556226138183e-01   1.5200770397612182e+01  -1.0130699093877422e+00   3.9643850265442829e-02   1.2249362207789707e-01   2.4157645810476530e-01   1.7876175332020172e-01   3.0052445750813039e-01
   3.7497320958008840e-02  -5.4136570582245788e-02  -7.4273941248574351e+00   2.3731000388300507e+00  -1.2679052192804188e-01   1.5164267439344073e+01  -9.9252089889812301e-01   3.6065749220871225e-02   1.1963118531130743e-01   2.3840388583382982e-01   1.8484078765240874e-01   3.0166625525675328e-01
   4.0938517637807675e-02  -5.9788812563881646e-02  -7.1991367775743127e+00   2.2698186523479107e+00  -1.1764968132180244e-01   1.5667739924814859e+01  -9.8451453737630479e-01   3.6094703726946585e-02   1.1745429715962576e-01   2.3732058563779421e-01   1.8988233931346640e-01   3.0393480082185392e-01
   4.0439421078614340e-02  -6.3259858135335315e-02  -6.8599968412049837e+00   2.1384620582450431e+00  -1.0615816805772539e-01   1.6651612099533086e+01  -9.9237385718359550e-01   3.5332589056423606e-02   1.0644880017159147e-01   2.3681884780551921e-01   1.9189958150439651e-01   3.0480914693869704e-01
   4.0118652116439141e-02  -6.4761395988633896e-02  -6.5484993522954360e+00   2.0079171804190548e+00  -9.4980416338755688e-02   1.7381058544519593e+01  -9.8155591826364141e-01   3.5531308351824900e-02   1.0165219391047189e-01   2.3512492570080096e-01   1.9587530738646919e-01   3.0602429107760543e-01
   4.2114742700978404e-02  -6.3919243494513542e-02  -6.2927776949880938e+00   1.9012634353542410e+00  -8.5562213137022433e-02   1.7469524554145245e+01  -9.7508856543152633e-01   3.2355555828314446e-02   9.1637475868986282e-02   2.3466583001655961e-01   1.9970712433703222e-01   3.0814118077324182e-01
   4.1702320468059689e-02  -6.4574342217893155e-02  -6.0800179582568479e+00   1.8069982618536466e+00  -7.7259231105981666e-02   1.7177356253101131e+01  -9.6554100368423912e-01   3.2686531683528926e-02   8.2528822891645204e-02   2.3310815827505585e-01   2.0223723926150447e-01   3.0860867518348134e-01
   4.0557493569723636e-02  -6.4402213011492418e-02  -5.9838559385709926e+00   1.7622471427781243e+00  -7.3396322703801684e-02   1.6864914167316954e+01  -9.5842866112582270e-01   3.4722416024954267e-02   8.1292695204042767e-02   2.3178747149835982e-01   2.0336736255077356e-01   3.0835647568108693e-01
   4.0331538694013173e-02  -6.4796332293394654e-02  -5.7575780712215954e+00   1.6712817151171431e+00  -6.5513940533107315e-02   1.6865826341368347e+01  -9.5948336700628367e-01   3.4242848773136145e-02   7.6059935244954094e-02   2.2900447953673925e-01   2.0576489841528842e-01   3.0786725234709000e-01
   3.9106451670114437e-02  -6.6490460216297162e-02  -5.6078598101212309e+00   1.6105640482454364e+00  -6.0525929276059667e-02   1.7260244157182470e+01  -9.6035391797303982e-01   3.1997174147999331e-02   7.8916651354494605e-02   2.2676100829268980e-01   2.0673589491737063e-01   3.0685547922304313e-01
   3.9288402406006048e-02  -7.0614296294804133e-02  -5.3738073390682688e+00   1.5234078641610227e+00  -5.3350467418005705e-02   1.7743173950995256e+01  -9.6466305250019435e-01   3.0887444787996404e-02   7.7353413355909020e-02   2.2464183465149323e-01   2.0729919704743391e-01   3.0567451802873535e-01
   3.9346394500458619e-02  -7.1104806726272549e-02  -5.2309293305363376e+00   1.4699436032595536e+00  -4.8994044890656348e-02   1.8252721913747465e+01  -9.7422592713498612e-01   3.1187036916340369e-02   7.5886253226719408e-02   2.2296311650402553e-01   2.0525167125484120e-01   3.0305247049660072e-01
   3.8389215673624355e-02  -7.0360151457191059e-02  -5.1682798216633250e+00   1.4384576613607627e+00  -4.6410366508704955e-02   1.8592129868021033e+01  -9.7723800048638298e-01   3.1531512327662790e-02   7.5024716531347749e-02   2.2300732083195030e-01   2.0141706109296537e-01   3.0050141038599432e-01
   3.9672374083996924e-02  -6.6642086591509012e-02  -5.2190275580065002e+00   1.4508701483295900e+00  -4.7934386783437852e-02   1.8750517260317579e+01  -9.8437390301583272e-01   3.1616999541743712e-02   7.8270704429951959e-02   2.2441296793251828e-01   1.9692251399221392e-01   2.9856265120288433e-01
   4.3008904655515288e-02  -6.2262649335722960e-02  -5.1820329707311386e+00   1.4258449687945240e+00  -4.6009013513417914e-02   1.8454251151477536e+01  -9.8621951825861220e-01   3.2943905317287546e-02   7.8448786253668121e-02   2.2584731717932846e-01   1.9460943925657659e-01   2.9812722875453590e-01
   4.4304836929739848e-02  -5.4274972078792429e-02  -5.1184968647671587e+00   1.3862418980996898e+00  -4.2990492592694232e-02   1.8205960358903152e+01  -1.0018489180056265e+00   3.2889876595937929e-02   7.8858971929634980e-02   2.2661125583478212e-01   1.9107909383058105e-01   2.9641842279138636e-01
   4.0149771304328584e-02  -4.7085677994595350e-02  -4.9991437471479454e+00   1.3376136713263558e+00  -3.9730491851703957e-02   1.8050555752538646e+01  -1.0254455623179264e+00   3.6499488544417515e-02   7.7798904756307963e-02   2.2694394954669705e-01   1.8379977181501853e-01   2.9203751874563422e-01
   3.9567863968513188e-02  -4.0791527963902556e-02  -4.8913734716087225e+00   1.2962244850738009e+00  -3.7347152994324985e-02   1.7792062045371317e+01  -1.0373439470247723e+00   3.5659065571731319e-02   8.0672305079682732e-02   2.2925842454747833e-01   1.7696653658082745e-01   2.8961453743796278e-01
   4.1450655322883549e-02  -3.7755538048485443e-02  -4.8220395373933895e+00   1.2618745818028709e+00  -3.6053735884109483e-02   1.7247822669089707e+01  -1.0403350649765026e+00   3.4618269669295085e-02   8.3655837604989652e-02   2.3389086344371704e-01   1.6651782567482853e-01   2.8711168953896682e-01
   4.2600134603776443e-02  -3.6651253831227859e-02  -4.6578291958917877e+00   1.1964777929475336e+00  -3.1729924629631576e-02   1.6751243982279007e+01  -1.0424520349522526e+00   3.6250268049974776e-02   8.8701832068917144e-02   2.3702240273870398e-01   1.5924680507291203e-01   2.8555063355902122e-01
   4.1986179673450752e-02  -3.7475289026686807e-02  -4.4808325748769642e+00   1.1360769731466662e+00  -2.7390319077842652e-02   1.6938177137669737e+01  -1.0523445362971822e+00   3.4258285627990159e-02   8.7632472960120930e-02   2.3760635367522176e-01   1.5433923514714964e-01   2.8333262927633612e-01
   3.7765056608431380e-02  -3.7429470705469696e-02  -4.3545274093721043e+00   1.0909064864845626e+00  -2.4563796362314216e-02   1.7234375783944277e+01  -1.0633919934187401e+00   2.7010235538088512e-02   8.2784160061320000e-02   2.3790555086056073e-01   1.4642920501139542e-01   2.7935741123252150e-01
   3.4037837917194634e-02  -3.5675687681519470e-02  -4.3085213791855983e+00   1.0718319734695871e+00  -2.3638434115062210e-02   1.7446860411282163e+01  -1.0671829693533239e+00   2.3158752589926095e-02   7.9890460323283355e-02   2.3663791737463075e-01   1.4250670711394567e-01   2.7623480141333107e-01
   3.0719046679917626e-02  -3.3073289932417024e-02  -4.2214950395159434e+00   1.0341853992283943e+00  -2.1191108506688875e-02   1.7408811519006548e+01  -1.0758514717929402e+00   1.9165525757260958e-02   7.6543520296203246e-02   2.3345977264551737e-01   1.3748712110655353e-01   2.7093573760924339e-01
   2.8177613343560826e-02  -3.2092114884509894e-02  -4.1755752218736459e+00   1.0127252643882787e+00  -1.9802033492814227e-02   1.7370015518627977e+01  -1.0819892879741693e+00   1.8141069715815260e-02   7.3592959859632656e-02   2.3129327587392831e-01   1.3470732771602495e-01   2.6766143466118841e-01
