  -7.4646254691701375e-03   2.3868343861896634e-02  -5.4972997460184292e+00   6.2258778358230427e-01  -2.0534244247277449e-02   3.9412747788645395e+00  -1.0833806818803571e+00  -1.9921617453959987e-02  -1.8281515405280269e-02   2.3444129229436636e-01   1.3464040515950124e-01   2.7035302519884474e-01
  -2.8357697725300120e-02   4.3285899396840868e-02  -2.2662109890404851e+00   4.0102445065722148e-01   9.5740844805878775e-04   8.8572725578246985e+00  -1.6270096140218737e+00  -5.7007573929794865e-02  -5.3819797579798052e-02   2.7468037836750336e-01   2.0289388005585399e-01   3.4148973165270152e-01
  -2.1632875238046956e-03   2.7313050812848585e-02   6.6704830977869356e-01   5.5928313296088539e-01  -1.2206654405238847e-02   1.1158439244262944e+01  -1.3512753497401933e+00  -2.5105506091720155e-02  -8.7197010369147315e-03   2.2896475385609213e-01   1.4383859143152422e-01   2.7039674349626663e-01
  -2.2131464643449679e-03   2.7194080692884870e-02   6.2755498944053412e-01   5.6489177077445552e-01  -1.2780243874755704e-02   1.0746500393130658e+01  -1.3371739525484101e+00  -2.4769957833148143e-02  -9.0452438419617656e-03   2.2897677842986544e-01   1.4348005694136534e-01   2.7021637959238731e-01
  -4.8855386619765309e-03   2.5906869314446739e-02   7.1709827156587536e-01   5.5521408165984809e-01  -1.1937787047457819e-02   1.0465371747469353e+01  -1.3603608816853834e+00  -3.1079771315841269e-02  -1.4129894462788993e-02   2.3248546683973367e-01   1.4606999758539910e-01   2.7456499501263337e-01
  -9.6312718449029985e-03   2.5708029884054236e-02   1.1367545329723308e+00   4.8135607837226824e-01  -5.4606112404828790e-03   1.0037728211470352e+01  -1.4513886967351859e+00  -4.8725186197956891e-02  -2.9793222053434546e-02   2.4204855131789052e-01   1.6036282039661545e-01   2.9035105538063166e-01
  -1.7023705597744083e-02   3.7450551311199849e-02   1.3679694191752938e+00   4.6520144104402245e-01  -3.9714141803902743e-03   9.7034138019773550e+00  -1.5220967927532236e+00  -6.3475898179977827e-02  -5.0170471311706176e-02   2.5232221098799251e-01   1.7431946639417090e-01   3.0668187837206407e-01
  -1.5657834908932123e-02   4.1850129814852435e-02   1.4269206770475467e+00   4.8973387881808711e-01  -5.9878183069739859e-03   9.7002197408097874e+00  -1.5699436517555325e+00  -6.0540572391049555e-02  -4.6357061249914087e-02   2.5602909830409892e-01   1.8497317255479209e-01   3.1585752127089650e-01
  -1.9467178521308103e-02   2.8393963476279149e-02   1.4851288685017394e+00   4.9135526284798048e-01  -6.6522035023548658e-03   9.9435752172658702e+00  -1.5697196867176282e+00  -4.1933742289591742e-02  -2.5617679160155699e-02   2.5596230276584686e-01   1.8275839982716161e-01   3.1451126075957869e-01
  -1.9204936751302359e-02   3.9468940814615876e-02   1.3305795778006664e+00   5.5737666086924520e-01  -1.3067977442887730e-02   1.0348321205537786e+01  -1.5543095853814781e+00  -2.7861346701597563e-02  -2.8901862492418041e-02   2.5476276385807928e-01   1.8777849037753944e-01   3.1648827355381609e-01
  -1.7996472796020471e-02   3.7338800526056849e-02   1.6728574544867927e+00   4.6003007676084839e-01  -4.9087070240084220e-03   1.1184570722537774e+01  -1.5693621173470711e+00  -1.5837775247240983e-02  -1.2635763665880958e-02   2.5389702571104433e-01   1.8809294306214311e-01   3.1597888362150617e-01
  -1.3499913756312126e-02   3.6450351217783880e-02   1.5310818890225864e+00   5.1371577309193839e-01  -9.8342136895005951e-03   1.2811380861450107e+01  -1.5490723981437171e+00   4.6674834259489062e-04  -3.1962642568255126e-03   2.5688142000026393e-01   1.7779955209137815e-01   3.1241117884167763e-01
   2.3511410968827029e-02   1.5054628269728131e-02   1.0505848920757177e-01   8.4131337852803612e-01  -3.4686509651034390e-02   1.4964061424910284e+01  -1.3447360905870442e+00   1.1728360881311278e-02   1.9832604783483294e-03   2.3085210926504957e-01   1.4215812216331422e-01   2.7111183679271944e-01
   2.2983819023279308e-02   5.5933333313788270e-03  -7.1019166343493334e-01   1.0672259720238921e+00  -5.3411693629755813e-02   1.6767772068796692e+01  -1.2857828812627945e+00   2.0422649930011551e-02   1.8500147504966313e-02   2.2662886671450130e-01   1.2324890016662848e-01   2.5797467825463560e-01
   3.1587012325248721e-02   4.8609933035621321e-03  -1.2185487692184342e+00   1.1901841936682649e+00  -6.2199700295030962e-02   1.7733429141792872e+01  -1.2481216390044818e+00   1.6133686542037163e-02  -1.6150462763591638e-03   2.2126637660653115e-01   1.2006672309303525e-01   2.5174357471618392e-01
   3.5692717097797887e-02  -1.6543176684384316e-02  -2.9918272255226475e+00   1.6971707582754623e+00  -1.0196169574164587e-01   1.8025303172000374e+01  -1.1961030612154293e+00   3.0938852084583288e-02   2.0885459950402547e-02   2.2379595206265618e-01   1.3439216737462786e-01   2.6104766386865197e-01
   3.9265760446461816e-02  -2.1639858118728955e-02  -4.5108454710575847e+00   2.1308942165118707e+00  -1.3695995310445258e-01   1.7720515591453605e+01  -1.1222412646494480e+00   2.5674761581141015e-02   2.2464435575245835e-02   2.2969384031880391e-01   1.3014039882240813e-01   2.6399959031418141e-01
   3.9341383712898421e-02  -2.4140904623407070e-02  -5.3707939294722582e+00   2.3376704654495128e+00  -1.5152050107843981e-01   1.7344424980969119e+01  -1.0792634882087768e+00   3.8314041661619121e-02   5.5166535521319782e-02   2.3599064226464159e-01   1.2573316167040041e-01   2.6739560800453155e-01
   3.2137982541248881e-02  -2.3142835883737368e-02  -5.9882782905657201e+00   2.4864497034584225e+00  -1.6313617564769356e-01   1.6826229094094003e+01  -1.0172611252698631e+00   3.6409332752270228e-02   6.3183062363566092e-02   2.3217483105932818e-01   1.2604176958292837e-01   2.6418114970039702e-01
   2.7775293853156486e-02  -1.7679822325540197e-02  -6.2726892190274661e+00   2.5451255628671205e+00  -1.6683935605049946e-01   1.6508138275425765e+01  -9.9618368130533941e-01   3.2014462314422475e-02   6.8168479295080020e-02   2.3242780810431676e-01   1.2205931276675072e-01   2.6252840191733268e-01
   2.9847801920305901e-02  -2.4574289363968750e-02  -6.6730121453002083e+00   2.6418161394326374e+00  -1.7371512185270951e-01   1.6027414511705935e+01  -9.6971100680851896e-01   2.3995613923558975e-02   7.0834717044133730e-02   2.3580574147210792e-01   1.2240040725869424e-01   2.6568064929216206e-01
   3.0899275754052120e-02  -2.9891291834019312e-02  -6.9852035406565536e+00   2.7066769473523111e+00  -1.7822258267528343e-01   1.5539926331637020e+01  -9.3920415982851657e-01   2.8468610079821897e-02   7.6917048996800394e-02   2.3721009520167544e-01   1.2678757565283380e-01   2.6896787653084331e-01
   3.2328811544365461e-02  -2.7301088172780933e-02  -7.0960227928197916e+00   2.7182521953321905e+00  -1.7831504909118551e-01   1.5264859616105277e+01  -9.2867730015369832e-01   3.0611437519476235e-02   8.2565830582470287e-02   2.3625815153585142e-01   1.3288548099703101e-01   2.7106542610032291e-01
   3.6507643257546185e-02  -2.3749326703621457e-02  -7.3163135071578562e+00   2.7524508317117919e+00  -1.7992173069253775e-01   1.5171766628220462e+01  -9.0812522692231390e-01   3.6345945746525513e-02   8.6460728668183398e-02   2.3892867176571617e-01   1.3374114026297132e-01   2.7381308002096810e-01
   3.4920055498281505e-02  -2.0442797198362343e-02  -7.4059037434007093e+00   2.7673904717902276e+00  -1.7977664004016858e-01   1.5306531217942265e+01  -9.2491728313289789e-01   3.7633810415371484e-02   9.1757767640236104e-02   2.3755173385699602e-01   1.3539077175346201e-01   2.7342546943264651e-01
   3.2769190860816227e-02  -2.3558705439302417e-02  -7.6526451842315479e+00   2.8331695981271370e+00  -1.8425298816717797e-01   1.5452350831619203e+01  -9.2812031752489021e-01   3.4735473601233829e-02   1.0270667916399315e-01   2.3944255524465957e-01   1.3950471691107585e-01   2.7711785092723862e-01
   3.8018347310709959e-02  -2.6969116499059788e-02  -8.1094436326214616e+00   2.9506955494367451e+00  -1.9227810975168039e-01   1.5814494765340674e+01  -9.2766638724968908e-01   2.1493293977601188e-02   1.0428283374844625e-01   2.4210684030342497e-01   1.4578420151516891e-01   2.8261060760899176e-01
   3.8625235821545381e-02  -3.0338632991798571e-02  -8.4919433888898119e+00   3.0378171800067730e+00  -1.9737006327533929e-01   1.5935365923544119e+01  -9.3395100260788511e-01   3.0285751791423676e-02   1.2243857189210951e-01   2.4195882214375450e-01   1.4971462727654475e-01   2.8453214446481745e-01
   3.7029339428783378e-02  -3.7553083590646234e-02  -8.4085708217254336e+00   2.9621027056006479e+00  -1.8887465228817843e-01   1.5854600459873755e+01  -9.2600062200892075e-01   2.9864668370300201e-02   1.1073600300206739e-01   2.4143733942959997e-01   1.5582172925960766e-01   2.8735413722495512e-01
   3.8558607641702144e-02  -3.5737529085032124e-02  -8.4030521670271572e+00   2.9197546707718733e+00  -1.8400079019922136e-01   1.5526862735616886e+01  -9.1144366097293705e-01   3.2859024995542128e-02   1.1501247018730655e-01   2.4201005696482691e-01   1.5854150194365413e-01   2.8931691189881803e-01
   3.5963242856496894e-02  -3.8614791470502632e-02  -8.3809532499633352e+00   2.8799878067369775e+00  -1.7928884931658601e-01   1.5242261868382807e+01  -9.1166381550547049e-01   3.7791726934353564e-02   1.2408423740659520e-01   2.4449617377698646e-01   1.6045585138650179e-01   2.9244565176414150e-01
   3.6533227239105653e-02  -4.2134278020653580e-02  -8.4735092400619081e+00   2.8814685968494564e+00  -1.7776470153568641e-01   1.5004381265158205e+01  -9.2288820206496236e-01   4.7623614053222685e-02   1.3512269282591449e-01   2.4899822124851129e-01   1.6442100674758386e-01   2.9838629600705796e-01
   3.8458111105126237e-02  -4.3597168860093682e-02  -8.4437318493038571e+00   2.8549423811779384e+00  -1.7465164074528849e-01   1.4820345814172665e+01  -9.3611571491326395e-01   5.6845048918073661e-02   1.4370922355929203e-01   2.5136039146822425e-01   1.6876169071870567e-01   3.0275824456700601e-01
   4.0975020461738246e-02  -4.5762221667685739e-02  -8.3336882553717153e+00   2.7897444320251621e+00  -1.6787304886199753e-01   1.4921464100052876e+01  -9.4287564082382336e-01   5.7343785047490686e-02   1.3515821551964002e-01   2.5184099667020859e-01   1.7620013229216736e-01   3.0736033287270703e-01
   3.9584631656767101e-02  -4.8799659125642748e-02  -8.2845667615524139e+00   2.7547372199798787e+00  -1.6392270614167781e-01   1.5306348514894189e+01  -9.4677823019730800e-01   5.5814905738509502e-02   1.3011714877569025e-01   2.5135848214655920e-01   1.7854257715053237e-01   3.0831564735279965e-01
   3.6133934532422848e-02  -4.9325406066556575e-02  -8.2484886190904412e+00   2.7304880085067795e+00  -1.6089066429866625e-01   1.6045887093433315e+01  -9.6139935206149874e-01   5.9401619646590909e-02   1.2973534002397324e-01   2.4974255527285261e-01   1.7991861001243992e-01   3.0780196578810587e-01
   3.3579707944516424e-02  -3.9076695614164776e-02  -7.9382355102480266e+00   2.5932187433705263e+00  -1.4752870731237497e-01   1.6662881549947230e+01  -9.7356430175335584e-01   5.3455280163675636e-02   1.2812444771523815e-01   2.4973473692273249e-01   1.7609686198635777e-01   3.0557739384206539e-01
   3.4995280146940984e-02  -3.5278036296050350e-02  -7.7022673936820913e+00   2.4765463157292253e+00  -1.3619889423297243e-01   1.7019840417576127e+01  -9.7483128456199519e-01   4.5451358649172970e-02   1.2650408959009815e-01   2.4582511078713026e-01   1.7938626979616279e-01   3.0431795688865715e-01
   3.9729457891566650e-02  -4.0285071406406352e-02  -7.5940249667005357e+00   2.4129111766424876e+00  -1.3017837285278913e-01   1.6894046412547802e+01  -9.5948353124291008e-01   4.2180924017097124e-02   1.2134769384866778e-01   2.4198808130319729e-01   1.8310031590251535e-01   3.0345338550822554e-01
   4.6828978895488128e-02  -4.5325148480743427e-02  -7.4310217817125546e+00   2.3308451792731186e+00  -1.2270583121981668e-01   1.6958243513459294e+01  -9.4169756557858197e-01   3.8504302873621180e-02   1.1850709953188734e-01   2.3883778712934484e-01   1.8960738364717691e-01   3.0494991145165129e-01
   5.0066246000615988e-02  -5.1232036412169536e-02  -7.2092260047683370e+00   2.2295795275814370e+00  -1.1375414579141555e-01   1.7319353748963973e+01  -9.3298282953681988e-01   3.8421288360837559e-02   1.1632170877695731e-01   2.3775662507225395e-01   1.9425651744482161e-01   3.0702411523451806e-01
   4.9439216587600206e-02  -5.4925167023403547e-02  -6.8887687329947562e+00   2.1017490100812255e+00  -1.0257155721636182e-01   1.7892562098144126e+01  -9.3653258479230017e-01   3.7631597756916296e-02   1.0534466957003061e-01   2.3715169162087915e-01   1.9597067386168920e-01   3.0764497371556243e-01
   4.8985168263348068e-02  -5.6707719498664870e-02  -6.5965188118491014e+00   1.9754477735720377e+00  -9.1762884649292789e-02   1.8218469491726641e+01  -9.2225415176531766e-01   3.7864013538170586e-02   1.0063992151844579e-01   2.3528912778321551e-01   2.0013195883055090e-01   3.0889120187914004e-01
   5.0905447128656821e-02  -5.5994111598458574e-02  -6.3478959996665001e+00   1.8701667028691127e+00  -8.2475028355402949e-02   1.8187112145767962e+01  -9.1389714990594362e-01   3.4678305199016948e-02   9.0588227312946926e-02   2.3484870773070024e-01   2.0407741033612814e-01   3.1112940223045504e-01
   5.0500634828719151e-02  -5.6678098032991876e-02  -6.1310654700743035e+00   1.7757669933585378e+00  -7.4155996570059363e-02   1.7998037244946932e+01  -9.0629777064790384e-01   3.5043165016914027e-02   8.1529308272532700e-02   2.3325509075066289e-01   2.0687509113161037e-01   3.1177755001252427e-01
   4.9352506277354997e-02  -5.6477033328167919e-02  -6.0210693299566964e+00   1.7292958066016477e+00  -7.0133529528776481e-02   1.7950211775318273e+01  -9.0389991545999182e-01   3.7058776597732053e-02   8.0363222381497290e-02   2.3191836379277991e-01   2.0802985594305395e-01   3.1154862931492411e-01
   4.9172599734181179e-02  -5.6833794567280972e-02  -5.7816734964634851e+00   1.6367881741400729e+00  -6.2096179032168332e-02   1.8165713360229340e+01  -9.0990251320927273e-01   3.6560715228778795e-02   7.5254374136176166e-02   2.2905686078316878e-01   2.1054634643043985e-01   3.1112185629917860e-01
   4.7910198775250122e-02  -5.8570884098507636e-02  -5.6272704010772152e+00   1.5761638767500858e+00  -5.7096995129981114e-02   1.8586420381214328e+01  -9.1382990145416310e-01   3.4299135069456095e-02   7.8252118430026288e-02   2.2668140432094055e-01   2.1146421385387415e-01   3.1000253677308953e-01
   4.8055742160679336e-02  -6.2749466534411547e-02  -5.4004212736120163e+00   1.4902372577070104e+00  -5.0030420225906737e-02   1.8889959570355469e+01  -9.1629865555970957e-01   3.3169431469568980e-02   7.6693927108670082e-02   2.2452881428265509e-01   2.1176001397746030e-01   3.0863488455278221e-01
   4.8120812299771498e-02  -6.3261999844030609e-02  -5.2717953128091262e+00   1.4388003508741114e+00  -4.5851419019105458e-02   1.9110240057659670e+01  -9.2164878180650922e-01   3.3492268040290069e-02   7.5205494628757918e-02   2.2281374251311353e-01   2.0944602282596353e-01   3.0579993513785131e-01
   4.7127710168978945e-02  -6.2573453005283206e-02  -5.2162118756712479e+00   1.4088343857974668e+00  -4.3389517266567354e-02   1.9301033635628617e+01  -9.2362022856680304e-01   3.3878488427377278e-02   7.4410885299022567e-02   2.2275674815809288e-01   2.0569630633610067e-01   3.0320214262152401e-01
   4.8400431952659903e-02  -5.8885093581867144e-02  -5.2695971971408060e+00   1.4219412964180391e+00  -4.4955341546380007e-02   1.9410544464076118e+01  -9.3092182829072834e-01   3.4027207068538630e-02   7.7741295313934256e-02   2.2405377679266777e-01   2.0154244223666867e-01   3.0136265680700969e-01
   5.1784137207905513e-02  -5.4449354825263606e-02  -5.2337695108237199e+00   1.3973133522744472e+00  -4.3051275074421955e-02   1.9149646273375964e+01  -9.3306655774543779e-01   3.5454369861396516e-02   7.7975171994476788e-02   2.2541408743212388e-01   1.9931500196388335e-01   3.0089529876805987e-01
   5.3220218613851879e-02  -4.6280120865001974e-02  -5.1764922091813412e+00   1.3582931835862602e+00  -4.0068884508318844e-02   1.8867956769719502e+01  -9.4675097369444083e-01   3.5534416928094885e-02   7.8397567278804661e-02   2.2611541409924335e-01   1.9568280435902136e-01   2.9903167125754981e-01
   4.9191027106074439e-02  -3.8910154101335671e-02  -5.0654168164867546e+00   1.3100782184955080e+00  -3.6835422304449202e-02   1.8643142592658570e+01  -9.6701120472370794e-01   3.9264218539401166e-02   7.7298000858757140e-02   2.2642633849163657e-01   1.8854332004513522e-01   2.9464804478626949e-01
   4.8589065555724557e-02  -3.2550225545399936e-02  -4.9619918938364131e+00   1.2689491395666554e+00  -3.4474772571566080e-02   1.8393563890349899e+01  -9.7701572295550376e-01   3.8486922379789630e-02   8.0111202037185456e-02   2.2878146936260546e-01   1.8181415023018910e-01   2.9222824289866056e-01
   5.0342531347550547e-02  -2.9504238235010707e-02  -4.8936280427528445e+00   1.2349132134995515e+00  -3.3207581570348699e-02   1.7958584330778372e+01  -9.7986595636041340e-01   3.7539758287407583e-02   8.3067633466959445e-02   2.3343949334798564e-01   1.7177567644996361e-01   2.8982905319240654e-01
   5.1323936239643243e-02  -2.8401655501539915e-02  -4.7298524789952845e+00   1.1692320489879364e+00  -2.8875383353434241e-02   1.7564876297608429e+01  -9.8076907052160300e-01   3.9182917843050391e-02   8.7979839964248949e-02   2.3672423009201568e-01   1.6458149619330137e-01   2.8831481058364528e-01
   5.0595143787917643e-02  -2.9251225205271791e-02  -4.5604203705791910e+00   1.1096595578681718e+00  -2.4619531669064040e-02   1.7643136370298954e+01  -9.8771199085150518e-01   3.7157739950873958e-02   8.6814571634478505e-02   2.3739082353895488e-01   1.5951382183695367e-01   2.8600535389662657e-01
   4.6212635181651605e-02  -2.9251732643520163e-02  -4.4462888221821455e+00   1.0661827901427789e+00  -2.1950942829167579e-02   1.7754011018490559e+01  -9.9479425362509633e-01   2.9900363303345719e-02   8.1886442636737375e-02   2.3773522648280709e-01   1.5147254145892688e-01   2.8188999401691772e-01
   4.2425176980009832e-02  -2.7508787298783293e-02  -4.4112363870276594e+00   1.0486089588404088e+00  -2.1164333899946177e-02   1.7781189835164941e+01  -9.9504706900744899e-01   2.6064276005883517e-02   7.8944047575542534e-02   2.3647634238053009e-01   1.4726903421267887e-01   2.7858433003959299e-01
   3.9170950101803964e-02  -2.4760170348698152e-02  -4.3290023280902181e+00   1.0113266815082091e+00  -1.8744819499547316e-02   1.7683647507613429e+01  -1.0019662521096138e+00   2.2147314006206707e-02   7.5598057098789528e-02   2.3325721696228505e-01   1.4180582439555420e-01   2.7297952505177614e-01
   3.6685265279374449e-02  -2.3636631799608905e-02  -4.2843190409168397e+00   9.8970354404216709e-01  -1.7340538260014013e-02   1.7632200824153180e+01  -1.0073043164550839e+00   2.1159464784067661e-02   7.2641233290501067e-02   2.3107879677362375e-01   1.3850118591774874e-01   2.6940673491761208e-01
