  -1.0432656624692095e-03   1.6602995140048746e-02  -4.8722125459174226e+00   4.6429530170948735e-01   0.0000000000000000e+00   7.4406406960142633e+00  -1.2912710171857320e+00  -2.0009365059766346e-02  -1.1456399366625637e-02   2.3192488148317286e-01   1.4211240480292620e-01   2.7200199677549158e-01
  -3.2778564688865038e-02   2.6309968817903810e-02  -2.3344627209241366e+00   4.8887264400778729e-01   0.0000000000000000e+00   1.1458413532100479e+01  -1.8223624927195936e+00  -5.6169612853625026e-02  -5.0540632023777808e-02   2.7548370399462180e-01   2.0747661223147473e-01   3.4487362292533497e-01
  -2.4662231129095316e-03   1.6277801015905220e-02   1.0070085807833100e+00   4.7651982081972122e-01   0.0000000000000000e+00   1.3246186444964202e+01  -1.4785724733637655e+00  -2.4126359290641244e-02  -7.6902658418660091e-03   2.3044539182409621e-01   1.4667567075972437e-01   2.7316447610510464e-01
  -2.1784996386524503e-03   1.6372830245347251e-02   9.7658592992614746e-01   4.7580078624393662e-01   0.0000000000000000e+00   1.2683754511949457e+01  -1.4606812693953997e+00  -2.3700673736429555e-02  -7.9209391076775111e-03   2.3040737150175761e-01   1.4633539318931768e-01   2.7294981982448924e-01
  -5.0842311722665151e-03   1.4627163096470601e-02   1.0319339229244309e+00   4.7721943914194564e-01   0.0000000000000000e+00   1.2309662481464995e+01  -1.4844694762407220e+00  -2.9940147599546680e-02  -1.2922875772887763e-02   2.3396369394988747e-01   1.4895874764013034e-01   2.7735846586176643e-01
  -1.1737449798745116e-02   1.2107078771245236e-02   1.2280808008113022e+00   4.8190537810541922e-01   0.0000000000000000e+00   1.1694478731550403e+01  -1.5805691763272629e+00  -4.7316764134008524e-02  -2.8336895150528011e-02   2.4351588601632232e-01   1.6338862553700373e-01   2.9325045557882040e-01
  -1.9563774462389109e-02   2.2801394879435992e-02   1.3970808491557427e+00   4.8654546481552108e-01   0.0000000000000000e+00   1.1205269255349091e+01  -1.6546717928193808e+00  -6.1825060892788178e-02  -4.8503695824316184e-02   2.5373593976484382e-01   1.7738628519265437e-01   3.0959299298078141e-01
  -1.7664334924845815e-02   2.7155052861326693e-02   1.5113325684966241e+00   4.9014191449232553e-01   0.0000000000000000e+00   1.1103752812522373e+01  -1.7033739989411407e+00  -5.8711596253546376e-02  -4.4652374613003566e-02   2.5741803988896139e-01   1.8795691436555151e-01   3.1873476264457595e-01
  -2.1284546754442506e-02   1.3923197312391108e-02   1.5922307437361523e+00   4.8369165402771036e-01   0.0000000000000000e+00   1.1352806441365665e+01  -1.7023550215219077e+00  -4.0050750439301799e-02  -2.3965902642466980e-02   2.5720871913720883e-01   1.8597290203762309e-01   3.1739918949565538e-01
  -1.9159218263247825e-02   2.6644471344535070e-02   1.6485183974433775e+00   4.7531564260401271e-01   0.0000000000000000e+00   1.1805097397624596e+01  -1.6861235076132248e+00  -2.5926611358042258e-02  -2.7299525026925790e-02   2.5571026873002661e-01   1.9070363469851784e-01   3.1899156387153588e-01
  -2.0537062520073965e-02   2.2794942868916080e-02   1.7444580674189991e+00   4.6946139773136930e-01   0.0000000000000000e+00   1.2814548548605529e+01  -1.7037782084048707e+00  -1.4021196302404190e-02  -1.1303234812625247e-02   2.5488920702613616e-01   1.9104518107192878e-01   3.1853848914882887e-01
  -1.5140348345982171e-02   2.3367172186284767e-02   1.7995432036893857e+00   4.6279396783040644e-01   0.0000000000000000e+00   1.4964506357965645e+01  -1.6902505188555732e+00   1.7806629189935546e-03  -2.4048656739344225e-03   2.5812295744994190e-01   1.8016344319701125e-01   3.1477980784559106e-01
   2.6237174147967390e-02   7.3291049525664644e-03   9.0110563974885627e-01   6.0613193194816650e-01  -9.7284009477286298e-03   1.7709936659343388e+01  -1.4736703810438545e+00   1.2428342201715228e-02   2.0730693246096038e-03   2.3222830484905832e-01   1.4465586892038890e-01   2.7359697729722798e-01
   2.5242243097576802e-02  -1.5456077846647167e-03   1.0009401926685486e-01   8.3385961131782238e-01  -2.9089065432405820e-02   2.0101878983474275e+01  -1.4154985721554374e+00   2.0675514513151305e-02   1.8088716793897220e-02   2.2829438922679315e-01   1.2500470613549247e-01   2.6027774531921732e-01
   3.3456059711164110e-02  -2.0725136116597157e-03  -3.9102264349515276e-01   9.5709775298236388e-01  -3.8165259525893266e-02   2.1587102801930406e+01  -1.3817718370202734e+00   1.6046452546920744e-02  -2.2939517981845339e-03   2.2317444461225813e-01   1.2183506154625605e-01   2.5426485197519905e-01
   3.7313425933671956e-02  -2.3209022250882051e-02  -2.1779088864162932e+00   1.4701593072424917e+00  -7.8639504876635999e-02   2.2122552215342242e+01  -1.3286434408440371e+00   3.0736245527226331e-02   2.0176423572649579e-02   2.2559772407664253e-01   1.3569245303380356e-01   2.6326179920165388e-01
   4.0757727892641905e-02  -2.7997100028294978e-02  -3.7400106286356656e+00   1.9158795935270767e+00  -1.1488267007199887e-01   2.1857148783932722e+01  -1.2476052377197075e+00   2.5394452663834690e-02   2.1764823655655990e-02   2.3137608395671030e-01   1.3164746613334405e-01   2.6620658813499076e-01
   4.0868033764136343e-02  -3.0282986133816237e-02  -4.6448179745239022e+00   2.1334773673895748e+00  -1.3046216752484899e-01   2.1271677704384764e+01  -1.1970253517701785e+00   3.8144914568973648e-02   5.4578186647386201e-02   2.3744101021457098e-01   1.2703150589242962e-01   2.6928653293659965e-01
   3.3521797811436091e-02  -2.9037333262501033e-02  -5.3043282089671218e+00   2.2932682968363540e+00  -1.4319573397297802e-01   2.0712389379994619e+01  -1.1275519640966134e+00   3.6147414280285596e-02   6.2567660115551774e-02   2.3367335241116308e-01   1.2717754879707305e-01   2.6604015588836116e-01
   2.9053405822181310e-02  -2.3521883325475994e-02  -5.5993501595635244e+00   2.3544822099480385e+00  -1.4718384011765159e-01   2.0412335168302654e+01  -1.1037354819078082e+00   3.1618476126125755e-02   6.7452054491606281e-02   2.3408515366973007e-01   1.2299241199263856e-01   2.6442956070823109e-01
   3.1151472836420075e-02  -3.0276234027963186e-02  -6.0197576324944668e+00   2.4564188823222755e+00  -1.5454727451205458e-01   1.9860423290106468e+01  -1.0746684237842605e+00   2.3621349947839945e-02   7.0215552401153777e-02   2.3735871818820337e-01   1.2315510410461170e-01   2.6740669544154028e-01
   3.2232760053087471e-02  -3.5431349057465360e-02  -6.3596122924366183e+00   2.5284371693148233e+00  -1.5971469708508676e-01   1.9247978851175883e+01  -1.0404887352061698e+00   2.8164392714636208e-02   7.6428771828087147e-02   2.3861521657751464e-01   1.2736395699667447e-01   2.7047883304278170e-01
   3.3715423984888374e-02  -3.2782287395006902e-02  -6.4810573589867406e+00   2.5429192896906208e+00  -1.6004736610534356e-01   1.8905185924366755e+01  -1.0293828446494997e+00   3.0388583755359289e-02   8.2210579818310967e-02   2.3753745806071841e-01   1.3343512321279619e-01   2.7244995153011436e-01
   3.7892522786436969e-02  -2.9103933533418690e-02  -6.7151801164459286e+00   2.5812476659594923e+00  -1.6206120711044403e-01   1.8807068125551858e+01  -1.0072843984159860e+00   3.6156639892499495e-02   8.6171384912753737e-02   2.4009186276047800e-01   1.3423836622107616e-01   2.7507097543997616e-01
   3.6274045616580680e-02  -2.5902536348160640e-02  -6.7916397532382735e+00   2.5925594334493978e+00  -1.6157004653652429e-01   1.8982221674450663e+01  -1.0256879880616283e+00   3.7393749598965048e-02   9.1392702147327920e-02   2.3882478246314698e-01   1.3581225907195976e-01   2.7474032545805610e-01
   3.4102104162334383e-02  -2.9019052705374908e-02  -7.0352077668741755e+00   2.6574190157554667e+00  -1.6597927509281749e-01   1.9151549356782589e+01  -1.0287923972143440e+00   3.4464285798979137e-02   1.0227962488111704e-01   2.4075603425005593e-01   1.3985499944042656e-01   2.7842932477793320e-01
   3.9354797236824897e-02  -3.2390158729999889e-02  -7.4946241276421288e+00   2.7756991704233718e+00  -1.7409838623608978e-01   1.9508290239844492e+01  -1.0275522338643475e+00   2.1275801309524719e-02   1.0384458338808687e-01   2.4333573456832175e-01   1.4624146228340049e-01   2.8389935718259734e-01
   4.0075612882745290e-02  -3.5712872584721320e-02  -7.8717544749849724e+00   2.8624809862682206e+00  -1.7910229264318431e-01   1.9650383337835159e+01  -1.0373687919129195e+00   3.0242434786517922e-02   1.2222940926423687e-01   2.4291618196658038e-01   1.5010717036796919e-01   2.8555285685333165e-01
   3.8501507516813478e-02  -4.2839357815949414e-02  -7.7938009989191732e+00   2.7885137201769461e+00  -1.7076363694105365e-01   1.9559307823521458e+01  -1.0293490443635360e+00   2.9870428219044610e-02   1.1060745878725015e-01   2.4230494732197774e-01   1.5591872263523623e-01   2.8813596714903561e-01
   4.0013685459942064e-02  -4.0971000547207349e-02  -7.8011430588535307e+00   2.7492853563912094e+00  -1.6618053061897434e-01   1.9169280718798916e+01  -1.0126941856051894e+00   3.2857101774489347e-02   1.1490676736303709e-01   2.4288035443553344e-01   1.5849283364263381e-01   2.9001869747794184e-01
   3.7451699498675890e-02  -4.3875063533967938e-02  -7.7842081236276579e+00   2.7102676527616767e+00  -1.6150533353617788e-01   1.8792852786301019e+01  -1.0119931601965850e+00   3.7811158181995756e-02   1.2401136807026997e-01   2.4536266165465634e-01   1.6038206247351181e-01   2.9313007641235794e-01
   3.8051424601305929e-02  -4.7492175976900218e-02  -7.8748822693313842e+00   2.7104243146098774e+00  -1.5981120789385680e-01   1.8468081369843233e+01  -1.0231534102294673e+00   4.7646869099172560e-02   1.3504958440162829e-01   2.4990331426181964e-01   1.6431962968312783e-01   2.9908628717853658e-01
   4.0038658918864954e-02  -4.9045414048512530e-02  -7.8411897547184566e+00   2.6823328477145529e+00  -1.5649282219044386e-01   1.8212089141472326e+01  -1.0373053762980577e+00   5.6913395353893843e-02   1.4368993118990736e-01   2.5224639127358389e-01   1.6868254376847902e-01   3.0345023065199805e-01
   4.2552805555003417e-02  -5.1250700085732945e-02  -7.7324107886555460e+00   2.6168110704403920e+00  -1.4967822177498444e-01   1.8247900221718741e+01  -1.0429660269940557e+00   5.7433771529699994e-02   1.3509731963475949e-01   2.5274762537655138e-01   1.7606626573934508e-01   3.0802709631602743e-01
   4.1108815036152720e-02  -5.4298340688970936e-02  -7.6860117551239924e+00   2.5817610387974437e+00  -1.4576655302661787e-01   1.8588141436028561e+01  -1.0444003515530156e+00   5.5891446119621678e-02   1.2991773964618042e-01   2.5233649039790323e-01   1.7835697778561421e-01   3.0900633636084102e-01
   3.7614848141623858e-02  -5.4851128702433645e-02  -7.6431017126934311e+00   2.5553637247470160e+00  -1.4257838667923881e-01   1.9343102287085166e+01  -1.0584029684287837e+00   5.9492766892259935e-02   1.2940504128691888e-01   2.5074832849468864e-01   1.7970058615909532e-01   3.0849153134049356e-01
   3.5108862621059854e-02  -4.4573650560370250e-02  -7.3285650643631737e+00   2.4171715823167128e+00  -1.2913218001660756e-01   1.9953823135517780e+01  -1.0713693234356902e+00   5.3670289111629438e-02   1.2783697337390809e-01   2.5058683827674783e-01   1.7589767451342053e-01   3.0615968940532684e-01
   3.6506664007490072e-02  -4.0742541510877389e-02  -7.0941020308760425e+00   2.3010038065053746e+00  -1.1787014947020101e-01   2.0310676993817495e+01  -1.0721112620412510e+00   4.5702167856881915e-02   1.2620152541544860e-01   2.4664265255042334e-01   1.7908954843346175e-01   3.0480430511265766e-01
   4.1177275105378108e-02  -4.5697300648282674e-02  -6.9965430258810368e+00   2.2400504482808117e+00  -1.1213542907197778e-01   2.0168676511770922e+01  -1.0543947986432416e+00   4.2375948549967270e-02   1.2098888511850954e-01   2.4288312666859133e-01   1.8273136841542298e-01   3.0394566327434913e-01
   4.8168025180113851e-02  -5.0672542813417286e-02  -6.8451504873492341e+00   2.1608983301492839e+00  -1.0500519909304255e-01   2.0242437298072637e+01  -1.0333390932413793e+00   3.8599451145321886e-02   1.1801503369334869e-01   2.3986220918378431e-01   1.8920348746531671e-01   3.0550260074762664e-01
   5.1310592329147912e-02  -5.6519523931130064e-02  -6.6276778953886799e+00   2.0608910081837823e+00  -9.6242518149167816e-02   2.0658408539933291e+01  -1.0226698164255186e+00   3.8434375625211847e-02   1.1569318271719262e-01   2.3887249502736499e-01   1.9379357538975500e-01   3.0759716959514299e-01
   5.0744946475424220e-02  -6.0121912614225621e-02  -6.3012733613267233e+00   1.9325929096361165e+00  -8.5024706158737751e-02   2.1311196755052173e+01  -1.0285110146693519e+00   3.7754505727409848e-02   1.0482393069932394e-01   2.3807098647768890e-01   1.9555290167393297e-01   3.0808883776526996e-01
   5.0275768795711336e-02  -6.1781522958030279e-02  -6.0135819230263872e+00   1.8085131339359659e+00  -7.4468941280707648e-02   2.1720623625811307e+01  -1.0142245012431492e+00   3.8006295945382719e-02   1.0015559394425065e-01   2.3611893674315235e-01   1.9977496664904773e-01   3.0929304807632663e-01
   5.2160648485645687e-02  -6.1033969201335976e-02  -5.7653065226783848e+00   1.7038711410136507e+00  -6.5264755144795392e-02   2.1762954497048817e+01  -1.0061476104400819e+00   3.4773076414367644e-02   9.0088193469216704e-02   2.3570311874401098e-01   2.0374387060236865e-01   3.1155661603260504e-01
   5.1745690836341084e-02  -6.1690176965497327e-02  -5.5484251721846896e+00   1.6100178197534400e+00  -5.6999837484274299e-02   2.1631651862481029e+01  -9.9936642181523594e-01   3.5113247360435036e-02   8.1060038075790541e-02   2.3410927369013176e-01   2.0653894419969568e-01   3.1219463079759402e-01
   5.0598502806695145e-02  -6.1475432833105040e-02  -5.4371413294084832e+00   1.5635887768628258e+00  -5.2980629134092835e-02   2.1620895148215418e+01  -9.9774246611780226e-01   3.7127184925173903e-02   7.9920969151428170e-02   2.3275746290522190e-01   2.0769739424282196e-01   3.1195231063951739e-01
   5.0429515975648910e-02  -6.1844904283886899e-02  -5.1962260791561885e+00   1.4705378161791627e+00  -4.4892331004970330e-02   2.1818890443393336e+01  -1.0037032619236042e+00   3.6656198311057410e-02   7.4803781168488237e-02   2.2988729296642788e-01   2.1023546500158188e-01   3.1152386459445380e-01
   4.9159805353042825e-02  -6.3567000549793265e-02  -5.0431232569451323e+00   1.4099701576477215e+00  -3.9923041094055527e-02   2.2218330218104597e+01  -1.0064559936202628e+00   3.4409343751863088e-02   7.7746112458670552e-02   2.2752095796318544e-01   2.1115076684778722e-01   3.1040366082392490e-01
   4.9324688493326677e-02  -6.7717962212604427e-02  -4.8170524171572557e+00   1.3242569369237913e+00  -3.2883795251315670e-02   2.2507057682396908e+01  -1.0086580643480860e+00   3.3324614603826588e-02   7.6199712211814513e-02   2.2531912600975015e-01   2.1146059128147301e-01   3.0900532392000601e-01
   4.9419600089809078e-02  -6.8220727170346135e-02  -4.6857589007907103e+00   1.2723121391688594e+00  -2.8648695385111913e-02   2.2728307635272479e+01  -1.0148232230246728e+00   3.3701542017793087e-02   7.4754937719643852e-02   2.2353450126731858e-01   2.0913845735712788e-01   3.0611528482346001e-01
   4.8420938953437888e-02  -6.7519530668834579e-02  -4.6282243117564228e+00   1.2419963006402026e+00  -2.6164918766518139e-02   2.2944410055958091e+01  -1.0170516606310542e+00   3.4088618694750369e-02   7.3948157520990279e-02   2.2347071686624256e-01   2.0537281788378084e-01   3.0350808164237897e-01
   4.9705341969961118e-02  -6.3850529553471189e-02  -4.6739242868825510e+00   1.2534060226772683e+00  -2.7565458030014842e-02   2.3102437864562898e+01  -1.0259985767715076e+00   3.4242284437423359e-02   7.7290564836369036e-02   2.2474879665458986e-01   2.0122665286431538e-01   3.0166900308228861e-01
   5.3116300206381722e-02  -5.9441760100588693e-02  -4.6333663143822781e+00   1.2278345760800851e+00  -2.5545560481378078e-02   2.2865108605351171e+01  -1.0298492440930187e+00   3.5678108100938695e-02   7.7582160058162500e-02   2.2608064952496737e-01   1.9903730523802915e-01   3.0121140245025174e-01
   5.4537231922669974e-02  -5.1411133830920303e-02  -4.5654301114300750e+00   1.1856647205676485e+00  -2.2240957013794485e-02   2.2598816886377648e+01  -1.0449976130265453e+00   3.5690615202198309e-02   7.7946174517734973e-02   2.2690512079570183e-01   1.9551912960634749e-01   2.9952239296142075e-01
   5.0502005805506824e-02  -4.4202830245108057e-02  -4.4411621166948674e+00   1.1333157121147512e+00  -1.8587679336692767e-02   2.2368728877506413e+01  -1.0666888387216189e+00   3.9349010909263134e-02   7.6761674047942569e-02   2.2737453502009392e-01   1.8841961888740252e-01   2.9529837784396634e-01
   4.9910257850151296e-02  -3.7925273981292473e-02  -4.3275460858915284e+00   1.0895809221259187e+00  -1.5952726521577414e-02   2.2152636035439464e+01  -1.0788259227796186e+00   3.8537044085607507e-02   7.9577713919743789e-02   2.2977791659170951e-01   1.8168910361996313e-01   2.9293142768820885e-01
   5.1700584334685017e-02  -3.4917342911692045e-02  -4.2532298438690175e+00   1.0541575344449954e+00  -1.4517595699084580e-02   2.1736570424809962e+01  -1.0836147818172521e+00   3.7568479675950534e-02   8.2586522309037277e-02   2.3443850409802228e-01   1.7163345934813840e-01   2.9055026513759624e-01
   5.2701413289514741e-02  -3.3852845410529096e-02  -4.0854854195107491e+00   9.8746560591406152e-01  -1.0063862940616907e-02   2.1356589889844425e+01  -1.0857269777271943e+00   3.9171755231784719e-02   8.7521005218461054e-02   2.3776021060178756e-01   1.6445565985529872e-01   2.8909441676353431e-01
   5.1965676218899921e-02  -3.4738364408589961e-02  -3.9138089351048584e+00   9.2684654230639241e-01  -5.7135246704807605e-03   2.1414524962879682e+01  -1.0921802220112256e+00   3.7121867702613096e-02   8.6290739441647821e-02   2.3849319288542239e-01   1.5937994434637079e-01   2.8684659613203628e-01
   4.7577417152683626e-02  -3.4766926022239658e-02  -3.7997841889257122e+00   8.8260833247267079e-01  -2.9836497385680189e-03   2.1475927673099669e+01  -1.0978181865495134e+00   2.9835838271233300e-02   8.1268048148535374e-02   2.3892950157518747e-01   1.5132742442087474e-01   2.8282025405692407e-01
   4.3800513337037571e-02  -3.3017139718253562e-02  -3.7706138484381908e+00   8.6585855214492691e-01  -2.2756012821499292e-03   2.1423661463814788e+01  -1.0961605067973557e+00   2.6016334133848691e-02   7.8295357427689297e-02   2.3769364983712266e-01   1.4710597967239691e-01   2.7953253912249348e-01
   4.0486315529116995e-02  -3.0366777996624947e-02  -3.6943235614315322e+00   8.3047898574647327e-01   0.0000000000000000e+00   2.1291779026141526e+01  -1.1031017765481028e+00   2.2092209280132578e-02   7.4931342914437010e-02   2.3453779986877915e-01   1.4164454141346558e-01   2.7399115985651523e-01
   3.7548172385415315e-02  -2.9603738201376521e-02  -3.6937676315007693e+00   8.2492516515133452e-01   0.0000000000000000e+00   2.1258956375039617e+01  -1.1088959276643267e+00   2.1057126724416144e-02   7.1925754954862822e-02   2.3245563079149928e-01   1.3830424384871165e-01   2.7048786322723933e-01
