  -2.4543715829241166e-02  -7.1914154862103988e-03  -4.9306361379749895e+00   6.0848121819088508e-01  -1.2227446256555313e-02   2.4609961480604166e+00  -1.4657296804993913e+00  -3.1296721998427875e-02  -1.2171121402012743e-02   2.3014916086675685e-01   1.5954134731530145e-01   2.8003942177995933e-01
  -6.0312072297025655e-02  -5.5048792486168854e-04  -1.9392117577220618e+00   4.8685054854639914e-01   0.0000000000000000e+00   9.0204111099439164e+00  -2.0001957462021100e+00  -6.8241259391646339e-02  -5.3508145158262188e-02   2.7643256043865438e-01   2.2480150787999842e-01   3.5630138705285908e-01
  -2.3164074244026472e-02  -4.3313733621565863e-03   1.3244387368861035e+00   4.8164296372323512e-01  -5.9871282649990069e-04   1.2044353358959457e+01  -1.6314765633805921e+00  -3.2620239505184487e-02  -9.5472128170965946e-03   2.3074076667501597e-01   1.6237846778746878e-01   2.8214901773137574e-01
  -2.3260278608030101e-02  -4.5571328933774217e-03   1.2607446286547506e+00   4.9385068753245603e-01  -1.6891768681320978e-03   1.1372247360031032e+01  -1.6162260195666929e+00  -3.2422016354786490e-02  -9.7042525873411879e-03   2.3056092347054147e-01   1.6225862213807918e-01   2.8193297056168659e-01
  -2.6731504331911127e-02  -6.8345374269727652e-03   1.3496617216976847e+00   4.8728308056191305e-01  -9.9442542294940050e-04   1.0973843250620000e+01  -1.6452078606767320e+00  -3.9163889104268886e-02  -1.4837573142267286e-02   2.3435594311304234e-01   1.6478608884219884e-01   2.8649112228533813e-01
  -3.5443294174650412e-02  -1.1054201640868105e-02   1.6082499403829118e+00   4.7971723108124753e-01   0.0000000000000000e+00   1.0262474069466451e+01  -1.7525891149859323e+00  -5.7967805345056182e-02  -3.0823416845268330e-02   2.4492216174862821e-01   1.7940372619427752e-01   3.0359934500590163e-01
  -4.4824930362169287e-02  -1.6411642025966231e-03   1.8018258318987683e+00   4.8439925359072389e-01   0.0000000000000000e+00   9.6666789932254336e+00  -1.8386186101697100e+00  -7.3469553277869845e-02  -5.1173649636548524e-02   2.5539462809804181e-01   1.9466098551584510e-01   3.2112196334622944e-01
  -4.3607955992596141e-02   2.1514446175273944e-03   1.9277792127469819e+00   4.8791103163963528e-01   0.0000000000000000e+00   9.4972251960480065e+00  -1.8927081401293082e+00  -7.0779886011346979e-02  -4.7407378254923575e-02   2.5913353016833041e-01   2.0676464363679373e-01   3.3151441041944363e-01
  -4.6892622176029561e-02  -1.0877850001616682e-02   2.0065063355714958e+00   4.8361282348745982e-01   0.0000000000000000e+00   9.8482466157832373e+00  -1.8978641001811150e+00  -5.1389517013825992e-02  -2.6011772785240510e-02   2.5739722016226368e-01   2.0464050633685785e-01   3.2883288427568552e-01
  -4.4878465266947026e-02   1.9906560863245889e-03   1.9591784195827724e+00   5.1040723326004112e-01  -2.9858662125268488e-03   1.0410245666573136e+01  -1.8817757471002590e+00  -3.6367714601781377e-02  -2.8786462661618786e-02   2.5472369098571168e-01   2.1089206156250576e-01   3.3069566126495831e-01
  -4.5182639772101789e-02  -1.0225723760110795e-03   2.1504255149957716e+00   4.6998115697742532e-01   0.0000000000000000e+00   1.1736692700284141e+01  -1.8974477006597719e+00  -2.3666978096438546e-02  -1.2626315163500722e-02   2.5365108899370215e-01   2.1066467959687704e-01   3.2972485829452691e-01
  -3.7301099282593994e-02   1.7631334875388256e-03   2.1988266411606787e+00   4.6170834220525314e-01   0.0000000000000000e+00   1.4569651023045818e+01  -1.8757818250713727e+00  -6.4140794438294711e-03  -3.5800120817689098e-03   2.5716852778927884e-01   1.9674046295504236e-01   3.2379385641032393e-01
   6.4477486041341660e-03  -1.2312511946427194e-02   9.8995460641035760e-01   7.0605402342510393e-01  -1.8582968086178587e-02   1.8469265411132753e+01  -1.6473558596430742e+00   6.6851760898123339e-03   1.8117291414630717e-03   2.3083156151698075e-01   1.5412280766254954e-01   2.7755548928845725e-01
   8.3999887838717476e-03  -1.8842456972978830e-02   2.6422223298065156e-01   9.0846005311704470e-01  -3.5872640875325983e-02   2.1920066458821768e+01  -1.5874653446486304e+00   1.5556213925616806e-02   1.7682539519534777e-02   2.2786948035727247e-01   1.3128884248387021e-01   2.6298528521392195e-01
   1.7400456877717067e-02  -1.8487889466411233e-02  -2.0174834693780225e-01   1.0211894307907865e+00  -4.4205824247157924e-02   2.3959414815765928e+01  -1.5470141181972143e+00   1.1042976013389079e-02  -3.1247194831231333e-03   2.2371844003069460e-01   1.2616121065611788e-01   2.5683962210684091e-01
   2.1064220478261335e-02  -3.9178227826980681e-02  -2.0484993163741625e+00   1.5422330807695936e+00  -8.5485706401959002e-02   2.4213700588718464e+01  -1.4730632910556358e+00   2.5876118172776200e-02   1.8952135476626469e-02   2.2666535349881348e-01   1.3691471149619847e-01   2.6480713868932865e-01
   2.5547093087610294e-02  -4.3398434999721291e-02  -3.6890789440189811e+00   1.9993675056164704e+00  -1.2257961448019161e-01   2.3104102892381267e+01  -1.3736988012504652e+00   2.1282516980233399e-02   2.1025159720745645e-02   2.3150372179194512e-01   1.3454306121119247e-01   2.6776072998780276e-01
   2.6109494209965022e-02  -4.5604043672688381e-02  -4.6394014186573536e+00   2.2219594642812961e+00  -1.3857585256076069e-01   2.1916034752053363e+01  -1.3085293090021015e+00   3.4161595824721627e-02   5.3763736394770736e-02   2.3751792425173657e-01   1.3105907379768117e-01   2.7127706347120412e-01
   1.9188986183975801e-02  -4.3844548633877281e-02  -5.3112594766255627e+00   2.3806346654110317e+00  -1.5118032979257026e-01   2.1188566316981600e+01  -1.2325359190868312e+00   3.2316366133669033e-02   6.1809216687275147e-02   2.3366618868894123e-01   1.3113065016111783e-01   2.6794614225267988e-01
   1.4967138300806706e-02  -3.8068161456360841e-02  -5.5856481320936258e+00   2.4379244841641006e+00  -1.5480022425731063e-01   2.1174020405665434e+01  -1.2141562328544686e+00   2.7788366608630131e-02   6.6817480105299518e-02   2.3399724980334141e-01   1.2609595166873197e-01   2.6580989812791123e-01
   1.7244355882410762e-02  -4.4563030605071011e-02  -6.0000142643720027e+00   2.5384527598099624e+00  -1.6199488366825396e-01   2.0672607612676977e+01  -1.1874108627236228e+00   1.9833049391345083e-02   6.9733338986549431e-02   2.3710078736360488e-01   1.2486610675472813e-01   2.6797075957000333e-01
   1.8417458197100629e-02  -4.9421760809957735e-02  -6.3351482741938909e+00   2.6077997001466380e+00  -1.6691710149958555e-01   2.0070564883708322e+01  -1.1523024915721607e+00   2.4311711441822686e-02   7.5924338887355808e-02   2.3839978701849801e-01   1.2854796197190496e-01   2.7084873449509700e-01
   1.9724266712707664e-02  -4.6695468104227519e-02  -6.4610723059253425e+00   2.6224926291614454e+00  -1.6727635580383335e-01   1.9637627821070581e+01  -1.1391397185246697e+00   2.6449680171052793e-02   8.1621286670078730e-02   2.3740185596846433e-01   1.3392151858638304e-01   2.7257038422718344e-01
   2.4217355985059981e-02  -4.2617832742782781e-02  -6.6971106507611324e+00   2.6598329992108938e+00  -1.6916995989083744e-01   1.9469408686546004e+01  -1.1157458801358078e+00   3.2386944835751434e-02   8.5728524399229275e-02   2.3978918312960351e-01   1.3332011781847261e-01   2.7435944700537279e-01
   2.2319162007900913e-02  -3.9671730213231816e-02  -6.7751921939953279e+00   2.6718842409175374e+00  -1.6877648545410404e-01   1.9631886090023396e+01  -1.1334038691199049e+00   3.3514620565494840e-02   9.0808321284244764e-02   2.3867119439664572e-01   1.3524889181380687e-01   2.7432863826364229e-01
   2.0076104324635483e-02  -4.2720630529918854e-02  -7.0185953116174122e+00   2.7355050615285879e+00  -1.7311763584073911e-01   1.9806235064818857e+01  -1.1337910916016947e+00   3.0491900184281408e-02   1.0151034135595138e-01   2.4082461757123369e-01   1.3863410220331687e-01   2.7787751028474877e-01
   2.5417204244958379e-02  -4.5792446932169696e-02  -7.4818719726627565e+00   2.8536190955848912e+00  -1.8123030335563459e-01   2.0134971565124236e+01  -1.1302275980665180e+00   1.7406895944885967e-02   1.0307515782712517e-01   2.4340898611834622e-01   1.4314171549499158e-01   2.8237826622814011e-01
   2.5925328571991698e-02  -4.9256682214448268e-02  -7.8696472699864408e+00   2.9435442901039641e+00  -1.8649956899004191e-01   2.0162139738277155e+01  -1.1393576264546574e+00   2.6449770076200693e-02   1.2151979537445125e-01   2.4289255250012354e-01   1.4682283347714481e-01   2.8381990150495556e-01
   2.4211302846969956e-02  -5.6356841290230109e-02  -7.8084824542865068e+00   2.8714458781766914e+00  -1.7835308329697760e-01   1.9847484274109732e+01  -1.1248972769527215e+00   2.6004760254861072e-02   1.0969618529304490e-01   2.4246962360759916e-01   1.5255278293231025e-01   2.8646792133291882e-01
   2.5765716275627570e-02  -5.4329704041901641e-02  -7.8233027475540684e+00   2.8330158500456695e+00  -1.7382281580966211e-01   1.9293780669642661e+01  -1.1062102820933128e+00   2.9009409967643136e-02   1.1402112647409689e-01   2.4297938538568412e-01   1.5447761864867077e-01   2.8792762351981610e-01
   2.3016085924697994e-02  -5.7382650647710011e-02  -7.8259353089184440e+00   2.7981319281607560e+00  -1.6951402980622474e-01   1.8609778209820501e+01  -1.1015063271969061e+00   3.3893502311345788e-02   1.2303575363813085e-01   2.4548341214087804e-01   1.5607639138192222e-01   2.9089851423328233e-01
   2.3316273649951827e-02  -6.1319041867862391e-02  -7.9325059404780527e+00   2.8023826398221168e+00  -1.6818765563885521e-01   1.8024631117258743e+01  -1.1102437240678307e+00   4.3612658789645889e-02   1.3397350518507853e-01   2.5005579175463732e-01   1.6044599307877255e-01   2.9710404858411488e-01
   2.4991762742636044e-02  -6.3165182498941791e-02  -7.9186446188699806e+00   2.7795599113617429e+00  -1.6533073793632014e-01   1.7463217532191962e+01  -1.1218996233658360e+00   5.2822121660139013e-02   1.4256891450748535e-01   2.5235332475437650e-01   1.6481670417488872e-01   3.0140794032284651e-01
   2.7379580230994585e-02  -6.5410644457446598e-02  -7.8212850671865866e+00   2.7170060815839667e+00  -1.5876793780784695e-01   1.7356775383542264e+01  -1.1262572084569153e+00   5.3407775409361327e-02   1.3402116384890037e-01   2.5276283218851314e-01   1.7198148599962174e-01   3.0572320955824822e-01
   2.5992184927094739e-02  -6.8411546569045495e-02  -7.7803602713604993e+00   2.6829256900703937e+00  -1.5493412973637774e-01   1.7675928684783663e+01  -1.1264954648719252e+00   5.2005843885712867e-02   1.2890845951069677e-01   2.5228291785156892e-01   1.7427913391332611e-01   3.0662662499737453e-01
   2.2510497469585115e-02  -6.8953569553701508e-02  -7.7424945355415664e+00   2.6570236870336705e+00  -1.5180883761071254e-01   1.8465601536974457e+01  -1.1381013424344641e+00   5.5734567553118446e-02   1.2837403152803709e-01   2.5074899433142156e-01   1.7542864496097349e-01   3.0602331223464424e-01
   2.0132939411941438e-02  -5.8568795349123431e-02  -7.4189525992864889e+00   2.5166917472230992e+00  -1.3818090294258642e-01   1.9239036350332192e+01  -1.1523585986443716e+00   5.0012816082877824e-02   1.2685998649510108e-01   2.5058028504819402e-01   1.7130567908849909e-01   3.0353931366926096e-01
   2.1603593935410118e-02  -5.4581471834453735e-02  -7.1760564650539207e+00   2.3983143527263318e+00  -1.2672206273660155e-01   1.9725387902861332e+01  -1.1542439351432867e+00   4.2130357813123138e-02   1.2528595399251477e-01   2.4661200454441901e-01   1.7412512741186548e-01   3.0188912001199203e-01
   2.6356846389149171e-02  -5.9358509751052148e-02  -7.0741273419182091e+00   2.3360928061180841e+00  -1.2084477232959111e-01   1.9620665035151109e+01  -1.1377381375960252e+00   3.8891846179678231e-02   1.2019288611242765e-01   2.4273173180504451e-01   1.7745712028526209e-01   3.0068209651559574e-01
   3.3572327382171516e-02  -6.4004776024873714e-02  -6.9237878299570941e+00   2.2551482941250600e+00  -1.1355017719425829e-01   1.9653738690393510e+01  -1.1138895208763431e+00   3.5204034872001133e-02   1.1722251468507563e-01   2.3972439933944845e-01   1.8354851352457460e-01   3.0192357386554020e-01
   3.7106164062622411e-02  -6.9501779397700233e-02  -6.6958235894218427e+00   2.1513266242187314e+00  -1.0444780526870782e-01   2.0203125820150241e+01  -1.1032930470503337e+00   3.5169145107277179e-02   1.1497001094280554e-01   2.3871644684690257e-01   1.8866377832559067e-01   3.0426889957289044e-01
   3.6824233592423074e-02  -7.2833743448726063e-02  -6.3413072990104977e+00   2.0170306608050019e+00  -9.2719121791752512e-02   2.1302160649407565e+01  -1.1142656431382272e+00   3.4524398602429361e-02   1.0414957500771679e-01   2.3797473289917914e-01   1.9077037417509576e-01   3.0500050682145052e-01
   3.6687050883868810e-02  -7.4105365399930428e-02  -6.0238036824858314e+00   1.8855729977186848e+00  -8.1540919935857187e-02   2.2188053144646787e+01  -1.1037904013883095e+00   3.4752581470475337e-02   9.9445673881531457e-02   2.3618057364163803e-01   1.9503137754845018e-01   3.0629806005611482e-01
   3.8722961936061243e-02  -7.3160225670615919e-02  -5.7586391208676186e+00   1.7774444617264284e+00  -7.2025393850591826e-02   2.2476540650254456e+01  -1.0993604492688211e+00   3.1533409751605096e-02   8.9442860383732947e-02   2.3574358186335054e-01   1.9882224547716665e-01   3.0839150715664165e-01
   3.8327125815803921e-02  -7.3742469986987080e-02  -5.5444175433452703e+00   1.6837038385858341e+00  -6.3763959432074510e-02   2.2288225911338422e+01  -1.0916224493257825e+00   3.1883114958466387e-02   8.0418657617618253e-02   2.3413532681649465e-01   2.0126989418429012e-01   3.0875382033008447e-01
   3.7188673573677507e-02  -7.3544367759501170e-02  -5.4498587790451625e+00   1.6399734148031366e+00  -5.9974045661355301e-02   2.2013177226216463e+01  -1.0857165006341152e+00   3.3956068411307785e-02   7.9268229931746301e-02   2.3274989053611786e-01   2.0246663050091851e-01   3.0848865134874948e-01
   3.6988945852646754e-02  -7.3964309384548899e-02  -5.2292946347982250e+00   1.5503346133658691e+00  -5.2186463463006774e-02   2.1910931446729158e+01  -1.0863289265228928e+00   3.3552617773637550e-02   7.4109798660833559e-02   2.2987506323412674e-01   2.0497936230469854e-01   3.0799201883772026e-01
   3.5827903657113726e-02  -7.5610548051246604e-02  -5.0893617804928288e+00   1.4909682739569410e+00  -4.7340560933808160e-02   2.2133984794753783e+01  -1.0837816877500792e+00   3.1350930805145089e-02   7.6956768353040786e-02   2.2760067637360074e-01   2.0581746779453772e-01   3.0685973658183979e-01
   3.6082547494953245e-02  -7.9699749088918748e-02  -4.8620933118572793e+00   1.4047119514414754e+00  -4.0254997141928366e-02   2.2460471334443323e+01  -1.0857608942691939e+00   3.0312549894278017e-02   7.5424596692258830e-02   2.2540145026862765e-01   2.0626256538036550e-01   3.0553241998270853e-01
   3.6193573181828885e-02  -8.0193155360451115e-02  -4.7205422431164843e+00   1.3510672672134629e+00  -3.5880346046913279e-02   2.2858813867435835e+01  -1.0943397282934730e+00   3.0674058576629935e-02   7.3984707522098098e-02   2.2364907599751851e-01   2.0409334704957774e-01   3.0277550017206345e-01
   3.5285282320832195e-02  -7.9392017658484998e-02  -4.6577521740865659e+00   1.3192412781184308e+00  -3.3279779492066210e-02   2.3164478995924295e+01  -1.0966504178380345e+00   3.1039798234113760e-02   7.3130008048036932e-02   2.2366398996926323e-01   2.0008446923871109e-01   3.0009894241650936e-01
   3.6595186520301935e-02  -7.5666266086302642e-02  -4.7016461418625610e+00   1.3301077645940271e+00  -3.4655216743601065e-02   2.3352838464722289e+01  -1.1051580365194307e+00   3.1136774656144714e-02   7.6390694155746272e-02   2.2504172210437837e-01   1.9543543547839173e-01   2.9805836027250249e-01
   3.9904527286975799e-02  -7.1306417955614793e-02  -4.6544465491884903e+00   1.3035196969790246e+00  -3.2564809285301803e-02   2.3193214803392102e+01  -1.1103947554029276e+00   3.2445788120791123e-02   7.6596677917439807e-02   2.2647329478651335e-01   1.9296854408632705e-01   2.9753489250549375e-01
   4.1070775942974383e-02  -6.3488088099275003e-02  -4.5682927705586724e+00   1.2592088367682825e+00  -2.9102317509817354e-02   2.3179638439997209e+01  -1.1307125123017379e+00   3.2243165205779419e-02   7.6860565403764292e-02   2.2744462826252471e-01   1.8925714209064193e-01   2.9588735146639078e-01
   3.6804888994598044e-02  -5.6500747303324994e-02  -4.4206567743634677e+00   1.2046319325944481e+00  -2.5270080618250913e-02   2.3260347105122293e+01  -1.1603197836738195e+00   3.5713402143975628e-02   7.5661440980982805e-02   2.2797836547504002e-01   1.8183730118619945e-01   2.9161436731984164e-01
   3.6154227002151894e-02  -5.0311360178264000e-02  -4.2931714759646367e+00   1.1593173981462512e+00  -2.2503914847541752e-02   2.3187678713957261e+01  -1.1769151644701470e+00   3.4783438210060684e-02   7.8470478442186908e-02   2.3040468131954026e-01   1.7497313200571563e-01   2.8931283085588944e-01
   3.7993379141684415e-02  -4.7274118996631156e-02  -4.2156430646563461e+00   1.1232202694260636e+00  -2.1017507639463175e-02   2.2717914426037140e+01  -1.1822557161475242e+00   3.3677484126558459e-02   8.1406307524274038e-02   2.3511843850887879e-01   1.6419920055181614e-01   2.8677876070014136e-01
   3.9105424038736784e-02  -4.6192299885481965e-02  -4.0527588247459256e+00   1.0577071125539501e+00  -1.6645514340481095e-02   2.2169559684321968e+01  -1.1842989456324364e+00   3.5272907540442530e-02   8.6397170344747462e-02   2.3832049602408709e-01   1.5673626603350016e-01   2.8524185512524464e-01
   3.8493728831170901e-02  -4.7058165175617374e-02  -3.8814714933959555e+00   9.9729914751409254e-01  -1.2304672094628431e-02   2.2184824314381572e+01  -1.1911152046777576e+00   3.3263887603633031e-02   8.5219095933944805e-02   2.3898112510931199e-01   1.5175652842914567e-01   2.8309366308587469e-01
   3.4296463621856066e-02  -4.7018590046029603e-02  -3.7623424626151127e+00   9.5191021240493212e-01  -9.4728665239437616e-03   2.2271689234517403e+01  -1.1977282456251503e+00   2.5981964222425515e-02   8.0216198073060976e-02   2.3939851697967540e-01   1.4379670103664968e-01   2.7926535975858435e-01
   3.0589018276292089e-02  -4.5260983833669784e-02  -3.7276859048171129e+00   9.3410903079563556e-01  -8.6713291447953773e-03   2.2282969775692557e+01  -1.1973618837203066e+00   2.2146681206408385e-02   7.7255468569223024e-02   2.3816298036789296e-01   1.3986002513181658e-01   2.7619274401690885e-01
   2.7227005235273358e-02  -4.2734460377092581e-02  -3.6429118983777418e+00   8.9620200175635067e-01  -6.1826502743470083e-03   2.2140241830234025e+01  -1.2047242416299526e+00   1.8136286038294352e-02   7.3833468217916198e-02   2.3507614019512141e-01   1.3485265045707251e-01   2.7100927848384410e-01
   2.4638367137235041e-02  -4.1826684496461403e-02  -3.5971094178644543e+00   8.7418028754141153e-01  -4.7378097931455943e-03   2.2052526575111720e+01  -1.2099611260386809e+00   1.7070976910801502e-02   7.0797264139683069e-02   2.3302224182684311e-01   1.3213619073377009e-01   2.6787933493951904e-01
