  -5.0017011608820871e-03   1.7657795342809562e-02  -1.1083024294265689e-01   2.8997867430312872e-02   5.0000000000000000e+00  -1.6695844860377604e-01  -2.5423116178064677e-02  -6.4389877315321559e-02   1.2602353051362625e-01   6.3778216471957652e-02   1.4124302156022711e-01
  -1.8405013219431519e-02   3.1067331315273693e-02   1.8365907228027847e-02   5.0521813845814362e-02   5.0000000000000000e+00  -2.4333592802139792e-01   8.1688380363888948e-03  -1.3214686931376656e-02   1.3557997221534940e-01   8.8248002416928789e-02   1.6177032730539054e-01
  -5.0517939242299406e-03   1.7687869287562271e-02  -1.1095963541698468e-01   2.9028241003142399e-02   5.0000000000000000e+00  -1.6700163585085229e-01  -2.5425172059315947e-02  -6.4343688737849181e-02   1.2601126452705774e-01   6.3837988706610865e-02   1.4125907967211701e-01
  -5.0517939242299406e-03   1.7687869287562271e-02  -1.1095963541698468e-01   2.9028241003142399e-02   5.0000000000000000e+00  -1.6700163585085229e-01  -2.5425172059315947e-02  -6.4343688737849181e-02   1.2601126452705774e-01   6.3837988706610865e-02   1.4125907967211701e-01
  -5.2632579408629148e-03   1.8142400310251203e-02  -7.5555319552282410e-02   3.0978822045500048e-02   5.0000000000000000e+00  -1.8750509952068597e-01  -2.7032479780861464e-02  -6.4792584989197988e-02   1.2440112558935490e-01   6.5677533874001784e-02   1.4067401502647567e-01
  -7.4239855107204175e-03   1.9712107300985805e-02   6.6528396079469643e-02   3.4869748671112082e-02   5.0000000000000000e+00  -2.6282218143527036e-01  -3.2126300263475994e-02  -6.8697853086197497e-02   1.2675713699534291e-01   7.7966436937479844e-02   1.4881578232157419e-01
  -1.2544016501688134e-02   2.4242601824705428e-02   1.3271303804031073e-01   4.3547526493710846e-02   5.0000000000000000e+00  -3.0943248292538916e-01  -3.6490099325150238e-02  -7.5641648421130595e-02   1.2980833800472161e-01   8.4533357112595103e-02   1.5490672380588771e-01
  -6.5551803770905305e-03   1.3918490264060271e-02   1.2779637374356839e-01   5.0175676867592084e-02   5.0000000000000000e+00  -3.2544628273981557e-01  -2.0925021397531898e-02  -5.9482039439135367e-02   1.3294959778756016e-01   9.0174429279464535e-02   1.6064564496976311e-01
  -7.4711530650298941e-03   2.0931423742067672e-02   7.6878264720656175e-02   5.2630214766443188e-02   5.0000000000000000e+00  -3.0430496352167036e-01  -2.4917861571588660e-03  -3.1778029638910209e-02   1.3606247143387512e-01   8.3142254637838336e-02   1.5945416469618232e-01
  -1.1251886179436277e-02   2.9065229457998627e-02   2.6689614677361726e-02   5.0068307579362648e-02   5.0000000000000000e+00  -2.6892427187978774e-01   1.1204684013990248e-02  -2.9905396615792650e-02   1.3646464728779883e-01   8.8007607546910629e-02   1.6238207704520344e-01
  -1.6525526181364051e-02   2.2305724016042926e-02  -4.8283503709905764e-04   4.0406309673551508e-02   5.0000000000000000e+00  -2.3338022438436343e-01   2.8261273712348468e-02  -2.1710134397945704e-03   1.4207867543810956e-01   7.3758563792303292e-02   1.6008334000435820e-01
  -1.1642579857846690e-02   1.3565992247862023e-02  -1.9772833554935237e-01   3.9323480385038877e-02   5.0000000000000000e+00  -1.3609380804130777e-01   3.2889743832149411e-02  -9.6370850726981456e-04   1.5059049771909983e-01   6.2525339202437538e-02   1.6305494793371370e-01
  -9.9977325729865636e-04   1.8158458161642154e-03  -3.3948909029180019e-01   2.5018372981757565e-02   5.0000000000000000e+00  -5.2925019438418187e-02  -2.3725868711612214e-02  -7.4590693191904797e-02   1.5784133282802809e-01   7.5066897545503580e-02   1.7478250901058570e-01
   5.0507620637777161e-03  -7.1444056715535102e-03  -3.5018728893901263e-01   1.1887949937150805e-02   5.0000000000000000e+00  -5.3382137427176023e-03  -4.9050113938383155e-02  -9.8874948714951616e-02   1.6167792071281029e-01   6.5786996510572932e-02   1.7454993255770654e-01
   1.0798142336743290e-02  -1.1875928554481909e-02  -3.3720048153168514e-01   7.0967830203606686e-03   5.0000000000000000e+00   2.0352817732405139e-02  -8.7958953360803727e-02  -1.5467554601027694e-01   1.5919503235495414e-01   3.5369089177508820e-02   1.6307676350645872e-01
   1.7539890664062790e-02  -7.1608761873887174e-03  -2.8575392671231920e-01   1.2721690675892730e-02   5.0000000000000000e+00  -1.8722983490411398e-02  -1.0523755034791762e-01  -1.6632236204427003e-01   1.5856513822332638e-01   5.6161510184391993e-02   1.6821717595410454e-01
   1.4655760073984196e-02  -3.0618654077191943e-03  -2.2922070376063225e-01  -1.4890347730745354e-03   5.0000000000000000e+00   3.5285223631881784e-03  -1.0760417987678816e-01  -1.6839025088110604e-01   1.6029936328992586e-01   6.7665660387826065e-02   1.7399576853152562e-01
   1.9200997895262001e-02  -3.1122854062526433e-03  -2.1068395380604990e-01  -3.7742859473797953e-03   5.0000000000000000e+00   5.9900807784159906e-03  -8.8239948323032849e-02  -1.5044486397902640e-01   1.6839812665328291e-01   5.2805939301977481e-02   1.7648341646143198e-01
   1.7551192123924367e-02  -4.2390219080907756e-04  -2.4903697446351983e-01  -8.7854519130467559e-03   5.0000000000000000e+00   4.8829871595327562e-02  -9.1211356702829968e-02  -1.5358726709830370e-01   1.6585362297729495e-01   5.1131088267649040e-02   1.7355636675768715e-01
   1.2368242761512030e-02   2.7029439721825885e-03  -2.6775190542565847e-01  -3.8167889168416328e-03   5.0000000000000000e+00   4.7048453581963655e-02  -9.9023491516204210e-02  -1.5610199349307280e-01   1.6925054640321582e-01   4.8815820655480298e-02   1.7614974256028626e-01
   1.6050765029197257e-02   1.7987654581104564e-03  -2.6309643955935319e-01  -2.8097493557796924e-03   5.0000000000000000e+00   4.3086484548461854e-02  -1.0128226236077839e-01  -1.5009023903109989e-01   1.7157339157697704e-01   5.5786203218717682e-02   1.8041488066893696e-01
   1.8701655993924121e-02  -3.5035780871869085e-03  -2.7652000706941032e-01  -1.6461785023904306e-03   5.0000000000000000e+00   4.6964436071038861e-02  -9.5813050154857526e-02  -1.4902331975310015e-01   1.6983447310638580e-01   6.1224909522120799e-02   1.8053320415180016e-01
   1.7002270659752131e-02  -4.2917790734672895e-03  -2.7926595529704168e-01  -9.6584071699606444e-04   5.0000000000000000e+00   4.4410818724724715e-02  -8.9305901728887888e-02  -1.3985101199241512e-01   1.6922765378198223e-01   7.2680768152096106e-02   1.8417516896621322e-01
   1.8073471681852513e-02  -2.4450254156663000e-03  -2.7094902082914862e-01  -1.9131232541002711e-03   5.0000000000000000e+00   4.2037555449259689e-02  -7.9700401811741789e-02  -1.3431026622641790e-01   1.7011469975946059e-01   8.4247121604274222e-02   1.8983305447907850e-01
   1.4909427875133387e-02  -3.1614419436024635e-04  -2.5025824492593224e-01   8.9862253191491789e-04   5.0000000000000000e+00   2.0580152829874226e-02  -7.8851142086234588e-02  -1.3304069308293634e-01   1.7037057449255411e-01   8.6650639135396071e-02   1.9113991188523541e-01
   1.5643231044820047e-02  -2.8141017985296268e-03  -2.3504672218702041e-01  -1.6446124312484344e-04   5.0000000000000000e+00   1.7583621376099458e-02  -8.3812223159420746e-02  -1.2977477956121852e-01   1.6970819784891311e-01   8.7518346111427392e-02   1.9094589108751575e-01
   2.5254987745221672e-02  -1.0900627353397885e-02  -2.1555110856594750e-01   8.6154174548866706e-04   5.0000000000000000e+00   1.2371357903672407e-02  -9.9214091716308336e-02  -1.3719488571803548e-01   1.7085264465355532e-01   9.3416882593391232e-02   1.9472375340102061e-01
   2.6692397704534569e-02  -6.7498915835920888e-03  -2.2673260586787497e-01   2.0181322276731062e-03   5.0000000000000000e+00   1.5758039420804729e-02  -9.0054093300475660e-02  -1.3130361299660467e-01   1.6667102464624911e-01   9.3229497724530222e-02   1.9097374087187685e-01
   2.7836619967443573e-02  -8.8780740038417686e-03  -2.4716417254962059e-01   5.4067403511339068e-03   5.0000000000000000e+00   2.4032249991392196e-02  -9.3961894890938938e-02  -1.4898658971423942e-01   1.6467570370734391e-01   8.8606376780443766e-02   1.8700047432471098e-01
   2.7329726858717953e-02  -1.1063386876758060e-02  -2.8378570311722490e-01   9.9619520664796547e-03   5.0000000000000000e+00   3.1388959041819382e-02  -8.8504113273788224e-02  -1.4482052163763517e-01   1.6496403300037935e-01   8.5805059999712954e-02   1.8594526212115378e-01
   2.7270993484290455e-02  -1.6855730994641462e-02  -2.7022942916875209e-01   9.5471533128663310e-03   5.0000000000000000e+00   2.7224037517094575e-02  -8.4667137851063751e-02  -1.4223254493673743e-01   1.6687711603155733e-01   9.2907686237172757e-02   1.9099688483573440e-01
   3.3036789552438439e-02  -2.5387241799645122e-02  -3.0034680005892739e-01   1.7167916289257314e-02   5.0000000000000000e+00   2.0713930941007271e-02  -7.7773207399450428e-02  -1.3063527230164884e-01   1.6641744684716697e-01   9.1014653333377840e-02   1.8967981900171824e-01
   3.7850419125329368e-02  -2.9568514821255838e-02  -2.9415869185055588e-01   2.0151363784431862e-02   5.0000000000000000e+00   4.1755941641034508e-03  -6.8634549725860902e-02  -1.1974714212728514e-01   1.6821709046122132e-01   9.2589854710836583e-02   1.9201528772108886e-01
   4.2854096186175750e-02  -3.0429941527457760e-02  -2.9858472133226061e-01   2.1691933494561336e-02   5.0000000000000000e+00   5.5586494840843348e-03  -7.1810437032892568e-02  -1.3221284919641058e-01   1.6779088850748380e-01   8.7343021364236120e-02   1.8916285482928266e-01
   4.4576281856923243e-02  -2.9282826704782258e-02  -3.1744788089602344e-01   2.4549374463132330e-02   5.0000000000000000e+00   9.9014487653680608e-03  -7.1479275053320523e-02  -1.3465283086633767e-01   1.6698636470701661e-01   8.9738574972819840e-02   1.8957177489335580e-01
   4.4964435217717098e-02  -2.6579668285434010e-02  -3.3602848802053892e-01   2.7010220119762746e-02   5.0000000000000000e+00   1.2893357636671444e-02  -6.5076390349079499e-02  -1.3273485019949263e-01   1.6618134664382189e-01   8.7175395617765217e-02   1.8765870502981730e-01
   3.8699690763106247e-02  -2.4890334015096962e-02  -3.6070934257657239e-01   2.8754136139677651e-02   5.0000000000000000e+00   3.1600623903580892e-02  -6.8992539102673528e-02  -1.3120207424624600e-01   1.6552470958786727e-01   8.5109711184766318e-02   1.8612386311836035e-01
   3.6908889696447157e-02  -2.3136011345469949e-02  -3.2982531887426375e-01   2.5868852118738385e-02   5.0000000000000000e+00   2.4933665058561920e-02  -7.0186746178059534e-02  -1.1930803589489106e-01   1.6578743852611316e-01   7.7630497307538585e-02   1.8306274576020515e-01
   4.0871674503708301e-02  -2.5916426573817302e-02  -3.3576021587725496e-01   2.6608328735964103e-02   5.0000000000000000e+00   2.7662247311102749e-02  -7.1523657184063935e-02  -1.1622291133316216e-01   1.6530093738961235e-01   7.6203590378212907e-02   1.8202029306760004e-01
   4.4911742974898340e-02  -3.0838297342289170e-02  -3.5177925085070039e-01   2.5906508126476425e-02   5.0000000000000000e+00   4.0623897184069911e-02  -7.0783171584915192e-02  -1.0747762857365392e-01   1.6222938913236964e-01   8.2550196195073963e-02   1.8202447525018997e-01
   4.6318245076480177e-02  -3.4441581293866971e-02  -3.5645715204830741e-01   2.1132924056898029e-02   5.0000000000000000e+00   5.7677129079559526e-02  -6.4701277287052356e-02  -9.5047091385401586e-02   1.6160961132023066e-01   9.1645065196021225e-02   1.8578612554725127e-01
   4.7107394516001169e-02  -3.8638237696897788e-02  -3.4999104294303124e-01   1.6329082312874294e-02   5.0000000000000000e+00   7.1243011921032856e-02  -6.2560742239957626e-02  -1.0069614460726332e-01   1.6522571534545924e-01   8.6763320412688499e-02   1.8662103520357390e-01
   4.5487919692300871e-02  -3.9464779287627275e-02  -3.5759818551866163e-01   1.1288502907389525e-02   5.0000000000000000e+00   9.4689138860697353e-02  -6.0089966489652626e-02  -1.0706550937586411e-01   1.6845950110029254e-01   8.8706040246210024e-02   1.9038740790063216e-01
   4.5495257298676310e-02  -4.1693122853982127e-02  -3.7417232897617797e-01   1.3487374637158102e-02   5.0000000000000000e+00   9.8249637723770211e-02  -6.0184849248915269e-02  -1.1451194013057735e-01   1.7108374126417700e-01   9.0946696676855010e-02   1.9375486616180698e-01
   4.5348531854749533e-02  -4.7020734757065981e-02  -3.7127314556997798e-01   1.5092524242733964e-02   5.0000000000000000e+00   9.1582840020691808e-02  -5.8327576359082894e-02  -1.1847324725083207e-01   1.7281176002874593e-01   9.1197152433831197e-02   1.9539914282379109e-01
   4.4523729349708795e-02  -4.9831527040733230e-02  -3.6355199373033631e-01   1.4630705811923267e-02   5.0000000000000000e+00   8.8018349763116968e-02  -5.5558090626492841e-02  -1.1514934611276496e-01   1.7297409416689868e-01   9.0460960980765420e-02   1.9520046801793969e-01
   4.2934861157508671e-02  -5.3601005185827146e-02  -3.4351932221485482e-01   1.1965501762607912e-02   5.0000000000000000e+00   8.4813837143871251e-02  -5.3928238615450111e-02  -1.1175000916356395e-01   1.7465736553900160e-01   8.7676241280516654e-02   1.9542855119481339e-01
   4.3419911782431993e-02  -5.4272422767546416e-02  -3.2308441201073912e-01   6.0273974787817663e-03   5.0000000000000000e+00   9.2107834103464861e-02  -5.5900426093024660e-02  -1.0234983120125406e-01   1.7517657246474178e-01   8.7630244862781995e-02   1.9587213011351579e-01
   4.6002423332791996e-02  -5.7576865219891069e-02  -3.0764648864040584e-01   1.1254364807445289e-03   5.0000000000000000e+00   9.9829807138210422e-02  -5.8819337165781506e-02  -1.0121698688426407e-01   1.7608727548446032e-01   8.7640060521151725e-02   1.9669140498682539e-01
   5.0242558461877175e-02  -5.9747736099341690e-02  -3.0760553436544319e-01  -6.1513341727921153e-05   5.0000000000000000e+00   1.0358335575061635e-01  -5.9277526913934890e-02  -9.6432317577190896e-02   1.7795150143025631e-01   8.6499812364772624e-02   1.9786094713314042e-01
   5.1700491460688780e-02  -6.0311494001999776e-02  -3.1294895997167005e-01  -4.6614239459843098e-04   5.0000000000000000e+00   1.0686590449295273e-01  -5.6545292422148972e-02  -8.9915780128408340e-02   1.8115548259346659e-01   8.2801727882643755e-02   1.9918191437483265e-01
   5.2684959963860495e-02  -5.8298447171236660e-02  -3.1063693877775334e-01  -1.9809613705746910e-03   5.0000000000000000e+00   1.0831694354619723e-01  -5.5576517222096798e-02  -8.0784501468221262e-02   1.8400786996361751e-01   7.9429976586072107e-02   2.0041960330519451e-01
   5.3340539201074851e-02  -5.6331135514091947e-02  -3.2682589765772901e-01  -7.7739011122984422e-04   5.0000000000000000e+00   1.1232435332300229e-01  -5.3984371774128716e-02  -7.6655742529741180e-02   1.8599031643284536e-01   7.7670549550610410e-02   2.0155672172935282e-01
   5.5474226961608725e-02  -5.5517150245563973e-02  -3.3037026509571082e-01   1.1409682470106507e-03   5.0000000000000000e+00   1.0734465296955022e-01  -5.6237700732041561e-02  -7.3986709866146361e-02   1.8819670711062511e-01   7.7468971297965025e-02   2.0351767019413164e-01
   5.1944018981403307e-02  -5.1595105784270706e-02  -3.3400932654884735e-01   6.2654109045915370e-03   5.0000000000000000e+00   8.7157418230795827e-02  -4.9130983895156514e-02  -7.5802825363716561e-02   1.9031729788592538e-01   7.3431876844150895e-02   2.0399243714278872e-01
   4.8781030789458488e-02  -4.8353733102774368e-02  -3.2705571283731588e-01   7.9666243175845076e-03   5.0000000000000000e+00   7.3513534943736650e-02  -4.8299651955913701e-02  -7.9611371892850905e-02   1.9565980483409678e-01   6.8693228589289071e-02   2.0736807585001402e-01
   4.8333027100701635e-02  -4.4612607828607223e-02  -3.1034810851613992e-01   5.6321070516400689e-03   5.0000000000000000e+00   6.9530168315606961e-02  -4.9742210267501433e-02  -8.2214685508291169e-02   2.0244671424627772e-01   5.4906861848945318e-02   2.0976042426352307e-01
   4.7211937306837710e-02  -4.3772400675883665e-02  -3.0330471830537575e-01   4.1218217581602042e-03   5.0000000000000000e+00   6.6824890311475676e-02  -4.7134902218937451e-02  -8.0075263413206074e-02   2.0497341053014634e-01   4.6361165766706049e-02   2.1015103310621128e-01
   4.5522049270191961e-02  -4.5043332274456324e-02  -3.0040442727612965e-01   3.7733406298938953e-03   5.0000000000000000e+00   6.5062733773891102e-02  -4.7790046823046078e-02  -8.2997428160599795e-02   2.0672057810491443e-01   4.3473154014613852e-02   2.1124230762801369e-01
   4.2471056442236414e-02  -4.4009069118590302e-02  -3.0924855092567161e-01   4.1702479024130455e-03   5.0000000000000000e+00   6.8964609483535638e-02  -5.4215111242890357e-02  -8.9719814884288498e-02   2.0893560471173664e-01   3.9657822946729697e-02   2.1266600536318264e-01
   4.0238769949382233e-02  -4.1004000149551093e-02  -3.2504481961108966e-01   5.3293072890119664e-03   5.0000000000000000e+00   7.3475800108369904e-02  -5.7274310555354868e-02  -9.1451740535554826e-02   2.0741356565391961e-01   4.0156890050463676e-02   2.1126514865400267e-01
   3.9142197490443904e-02  -3.9652484072555873e-02  -3.5450139437924716e-01   8.7243990885886823e-03   5.0000000000000000e+00   7.7029739775886188e-02  -5.9795501583230534e-02  -9.1828157632994081e-02   2.0272631801556951e-01   4.1939187498658374e-02   2.0701897368163491e-01
   3.7906458852586110e-02  -3.8109024098802929e-02  -3.7121047368861498e-01   1.0476355124514626e-02   5.0000000000000000e+00   7.9134204491616261e-02  -6.0971048287770051e-02  -9.3709773340289917e-02   1.9930409111658265e-01   4.1870355875372418e-02   2.0365472603634174e-01
