  -1.0962518616833021e-02   1.1835391922046403e-02   3.6071680205976203e-01  -1.6545537923597209e-01   1.7077315528704298e-02   5.0000000000000000e+00  -1.2863562362289965e-01  -2.4303230178186083e-02  -6.5911550304209629e-02   1.2637066903932651e-01   5.5746452741400963e-02   1.3812028448673369e-01
  -2.2301557561128952e-02   2.4283673026140946e-02   3.1343429730719097e-01  -9.4414296055925911e-02   1.3205900103490365e-02   5.0000000000000000e+00  -1.9508900925857764e-01   1.0509209305301704e-02  -1.4562821339176706e-02   1.3578403160969124e-01   8.4197495969546635e-02   1.5977021489540361e-01
  -1.1017926017741734e-02   1.1894466533412650e-02   3.5959143754140238e-01  -1.6509926368872341e-01   1.7048531502023866e-02   5.0000000000000000e+00  -1.2862556435923267e-01  -2.4309030419114093e-02  -6.5870709180993220e-02   1.2636059804356994e-01   5.5768503660282812e-02   1.3811997226482356e-01
  -1.1017926017741734e-02   1.1894466533412650e-02   3.5959143754140238e-01  -1.6509926368872341e-01   1.7048531502023866e-02   5.0000000000000000e+00  -1.2862556435923267e-01  -2.4309030419114093e-02  -6.5870709180993220e-02   1.2636059804356994e-01   5.5768503660282812e-02   1.3811997226482356e-01
  -1.1479527942746122e-02   1.2408723814990030e-02   3.3438140585601894e-01  -1.4470224922515398e-01   1.5570040600998421e-02   5.0000000000000000e+00  -1.4750111369081781e-01  -2.5492237232608073e-02  -6.6154561939927303e-02   1.2468496369276282e-01   5.5768338389134448e-02   1.3658860764262365e-01
  -1.3379630663511168e-02   1.4430575488653959e-02   5.3044684820744525e-01  -1.7152825770416455e-01   1.8544224995236662e-02   5.0000000000000000e+00  -2.1205919336950063e-01  -2.9473067809975117e-02  -6.9999897806170303e-02   1.2691090427456184e-01   6.4648903618433159e-02   1.4242843242433184e-01
  -1.8906909288459638e-02   2.0370192211528231e-02   6.0639730246478007e-01  -1.7625414647407603e-01   1.9734263170227018e-02   5.0000000000000000e+00  -2.4370811382382163e-01  -3.3921049980406445e-02  -7.7855808369081209e-02   1.3052333938947966e-01   7.4158715121281721e-02   1.5011947626414338e-01
  -1.2973495385399289e-02   1.3996404279689904e-02   4.6287117726767740e-01  -1.2405106070755292e-01   1.5825627657269397e-02   5.0000000000000000e+00  -2.5562447703038116e-01  -1.8287816265412156e-02  -6.1890359612493256e-02   1.3378155933967731e-01   7.9983814017869914e-02   1.5586826528899592e-01
  -1.1758242251171450e-02   1.2621791258930511e-02   2.6918886213787591e-01  -6.9769282272087965e-02   1.1126742703976194e-02   5.0000000000000000e+00  -2.3203291280373983e-01  -6.7623764599095842e-04  -3.4828528144801918e-02   1.3731293168279579e-01   8.0476818664011157e-02   1.5915828457734860e-01
  -1.5661051526226082e-02   1.6793907057679865e-02   2.8109905441305549e-01  -8.9640466250207204e-02   1.2436542340888751e-02   5.0000000000000000e+00  -1.9898639278005550e-01   1.2244191254441133e-02  -3.3294989333251146e-02   1.3783949577296578e-01   8.8690982298918045e-02   1.6390795263223945e-01
  -1.9775770055037820e-02   2.1239978941826478e-02   7.8874557025515279e-01  -2.8162066002553021e-01   2.7972669900442393e-02   5.0000000000000000e+00  -1.6660232996097085e-01   2.8597030656530853e-02  -5.8080919503360265e-03   1.4339840386653954e-01   7.7572325995828986e-02   1.6303548077603949e-01
  -1.3305690889749063e-02   1.4314372771586601e-02   6.7628508083007921e-01  -2.9358317977809445e-01   2.8684196023770796e-02   5.0000000000000000e+00  -9.3654528549206681e-02   3.2759872425923368e-02  -3.4845619690572907e-03   1.5111452706983966e-01   6.3981911044545189e-02   1.6410144799011797e-01
  -1.6143288926845404e-03   1.7439787895672386e-03   2.2998216906397428e-01  -1.8508735836744927e-01   1.8066562861339522e-02   5.0000000000000000e+00  -3.4951434197062890e-02  -2.3913176692657884e-02  -7.5739013741225714e-02   1.5793197349748386e-01   6.6363879644869464e-02   1.7130870606693829e-01
  -7.0881509082715104e-04   7.4924432469802404e-04   8.6701280598703176e-02  -1.4285070874985470e-01   1.3247496346786063e-02   5.0000000000000000e+00  -2.4162229695054053e-04  -4.9374696364768850e-02  -9.9366162706992583e-02   1.6168053967009915e-01   6.5462453345608365e-02   1.7443030042409621e-01
   5.6965773343476611e-03  -6.2934619523609143e-03   4.2364935054332292e-01  -2.5719634408787062e-01   2.2496864703032911e-02   5.0000000000000000e+00   2.3972447353266309e-02  -8.8867333642579205e-02  -1.5543790317271183e-01   1.5915272718197718e-01   5.4992276125022499e-02   1.6838569120584912e-01
   4.4856817492781500e-03  -4.9540801894608260e-03  -6.9693366999302508e-01   1.5077653953105305e-01  -1.2008931073480956e-02   5.0000000000000000e+00  -6.9940064581442861e-03  -1.0580377436071095e-01  -1.6734255404015816e-01   1.5859115846655036e-01   5.8933465712887129e-02   1.6918720083001115e-01
   2.0921602352750078e-03  -2.2984415850888971e-03  -9.1290475751965150e-01   2.3282531317112448e-01  -2.0587473559338636e-02   5.0000000000000000e+00   2.0555255508948725e-02  -1.0928831266637598e-01  -1.7039715885218989e-01   1.6024130635457878e-01   6.8278520207871507e-02   1.7418160805320029e-01
   2.7389821911667977e-03  -3.0663495501769894e-03  -7.8451150586477492e-01   1.9146032932194382e-01  -1.7272245871678565e-02   5.0000000000000000e+00   2.5363372982853970e-02  -9.0211638854874848e-02  -1.5276218505217110e-01   1.6831547684222758e-01   6.1989915631321647e-02   1.7936791626320697e-01
   4.9800065901282409e-03  -5.5025145600323001e-03  -8.7099891131561480e-01   2.1106390256420521e-01  -1.9468598476922654e-02   5.0000000000000000e+00   5.7875697941705037e-02  -9.3424388982181306e-02  -1.5545764295845244e-01   1.6561409539217825e-01   6.4447281681374674e-02   1.7771179113578248e-01
   7.8469236111434592e-04  -9.0427185776514743e-04  -7.8173006767456688e-01   1.7710978279926923e-01  -1.6173060494612777e-02   5.0000000000000000e+00   5.9311018572719434e-02  -1.0148596471285763e-01  -1.5830959470646633e-01   1.6897841338979749e-01   6.3458347443371893e-02   1.8050115249487189e-01
   9.2986418919702976e-04  -1.0516727041240802e-03  -8.7498971662933078e-01   2.1146219889557444e-01  -1.9078076397302812e-02   5.0000000000000000e+00   5.7457713655325621e-02  -1.0382980226084398e-01  -1.5247104730013220e-01   1.7130225207397831e-01   7.0501699823438665e-02   1.8524295194044782e-01
   4.9958254064399066e-03  -5.4510640428628923e-03  -9.7013519487110955e-01   2.4283176347876984e-01  -2.1661305860204514e-02   5.0000000000000000e+00   5.8239024652068511e-02  -9.8181190959037531e-02  -1.5111653765815578e-01   1.6957927465926448e-01   7.8847962648159811e-02   1.8701372037293912e-01
   6.8539598020137017e-03  -7.4227900320336616e-03  -8.2397157385045516e-01   1.9172210573114745e-01  -1.7152391580966535e-02   5.0000000000000000e+00   5.4113179319811813e-02  -9.1455984867743659e-02  -1.4172076088818056e-01   1.6901257066099137e-01   8.3511314960430905e-02   1.8851893477276199e-01
   9.5398365894797648e-03  -1.0279189382685556e-02  -7.6162439245094582e-01   1.7096595742824924e-01  -1.5484602827792609e-02   5.0000000000000000e+00   5.4107783359742596e-02  -8.2004285569694926e-02  -1.3641006238941497e-01   1.6988281714089160e-01   8.7034633675983852e-02   1.9088006448772568e-01
   7.5621456360494815e-03  -8.1350565863095008e-03  -6.5284835120519780e-01   1.3973483626684380e-01  -1.2455928201785539e-02   5.0000000000000000e+00   3.5435445692175362e-02  -8.0811864934459701e-02  -1.3509139270259421e-01   1.7024203397048232e-01   8.7102039453163360e-02   1.9123052948550678e-01
   9.3875653174510156e-03  -1.0119325108366372e-02  -5.2570934382571644e-01   9.9016169679646798e-02  -9.0223872715608344e-03   5.0000000000000000e+00   3.2879276756535770e-02  -8.5729811039046200e-02  -1.3182450197684575e-01   1.6959223289147463e-01   8.6436443178707342e-02   1.9034911128372015e-01
   1.3802601048196462e-02  -1.4927698041302022e-02  -5.4889518595671216e-01   1.1328619072577184e-01  -1.0212552234795507e-02   5.0000000000000000e+00   3.1480449132644556e-02  -1.0134034553839782e-01  -1.3959129018115105e-01   1.7073567056085814e-01   8.6997049855137731e-02   1.9162243053818936e-01
   1.2748378159052455e-02  -1.3754816258816938e-02  -7.1461930770442728e-01   1.6949923555583740e-01  -1.4961315925035483e-02   5.0000000000000000e+00   3.3314292034430343e-02  -9.2130872230799854e-02  -1.3358049933765567e-01   1.6654361426376685e-01   9.0043733423053329e-02   1.8932683217336169e-01
   1.4018138558414417e-02  -1.5110441004271495e-02  -5.2352875582052705e-01   1.0125279766177427e-01  -8.7160665049816500e-03   5.0000000000000000e+00   3.6282405492513901e-02  -9.5777017938138101e-02  -1.5079859385360522e-01   1.6454837313849988e-01   9.1292919283810753e-02   1.8817694920974612e-01
   1.5521949654525918e-02  -1.6710197892075205e-02  -5.2477597554944344e-01   9.4168259457598560e-02  -7.7663201689569979e-03   5.0000000000000000e+00   4.3793134770945062e-02  -9.0540118904652966e-02  -1.4677612514211813e-01   1.6479183298087449e-01   8.9592289415065057e-02   1.8757165708024551e-01
   1.6517874082985461e-02  -1.7816938188453386e-02  -4.2607518161528130e-01   6.4139953838870722e-02  -5.1290132425826944e-03   5.0000000000000000e+00   3.7324490090429194e-02  -8.6371750426915250e-02  -1.4385346028050019e-01   1.6675575756830335e-01   8.7752280263718591e-02   1.8843552046697823e-01
   1.9318309343581891e-02  -2.0859153221309410e-02  -4.7590033738257354e-01   7.8403368288942260e-02  -5.6226029359862199e-03   5.0000000000000000e+00   2.9285862605462131e-02  -7.9152750113205231e-02  -1.3196995584424426e-01   1.6634009887411130e-01   8.6729625982161870e-02   1.8759279441507024e-01
   2.2316035473593034e-02  -2.4019873115127925e-02  -6.1303370604237772e-01   1.2855237404685346e-01  -9.6736716080014530e-03   5.0000000000000000e+00   1.6979890433023087e-02  -6.9943770767817340e-02  -1.2128242743370828e-01   1.6818013336260840e-01   8.8551423117529018e-02   1.9006817669984735e-01
   2.6757346522734766e-02  -2.8744463208569025e-02  -8.1672680337459058e-01   2.0031326582524103e-01  -1.5732590961653435e-02   5.0000000000000000e+00   1.7628376438240882e-02  -7.3090105098459521e-02  -1.3368784570059489e-01   1.6775202869284964e-01   8.7570011089401767e-02   1.8923332151807881e-01
   2.8347998760976847e-02  -3.0519181091140390e-02  -9.6233446365308750e-01   2.4808654241453448e-01  -1.9643974471583829e-02   5.0000000000000000e+00   2.1977156752133294e-02  -7.2881426830161883e-02  -1.3620288644946710e-01   1.6693013804016238e-01   8.7516432729237537e-02   1.8848022968937306e-01
   2.8703257005328445e-02  -3.1043867288368974e-02  -1.1394186279399552e+00   3.0682042332450005e-01  -2.4483238753526804e-02   5.0000000000000000e+00   2.3377824155782077e-02  -6.6414408703647190e-02  -1.3415423656065631e-01   1.6612237712427272e-01   8.4190724701046576e-02   1.8623834811097983e-01
   2.6173609506771927e-02  -2.8472302234358187e-02  -1.0469825471338086e+00   2.7106071112159325e-01  -2.1251452466075797e-02   5.0000000000000000e+00   3.6767141008931206e-02  -7.0360713047048856e-02  -1.3233390130398770e-01   1.6543116407713512e-01   8.1003082184191944e-02   1.8419817960896073e-01
   2.5382142058855830e-02  -2.7564239143643521e-02  -1.0359123210942620e+00   2.7400594519248911e-01  -2.1702193047758212e-02   5.0000000000000000e+00   3.0664573197737459e-02  -7.1420281681752573e-02  -1.2039020434975505e-01   1.6571591844355710e-01   7.5296315356151930e-02   1.8202005585046047e-01
   2.6305951992080766e-02  -2.8630843494137269e-02  -1.1057513727676418e+00   2.9691431465482826e-01  -2.3677940146507852e-02   5.0000000000000000e+00   3.5213606076241126e-02  -7.3003270361440831e-02  -1.1755992181713468e-01   1.6520141127104021e-01   7.5007797777296645e-02   1.8143229043735074e-01
   2.7496346275499732e-02  -2.9621269027841037e-02  -1.0896454962717417e+00   2.8756192881976383e-01  -2.2991801759557541e-02   5.0000000000000000e+00   4.5431328528819655e-02  -7.2371251487604107e-02  -1.0872293905619027e-01   1.6209518572230791e-01   8.3704797083007015e-02   1.8243174693308420e-01
   2.8381687954815677e-02  -3.0282391145302217e-02  -1.0712097093200514e+00   2.7769507033409019e-01  -2.2639213369851748e-02   5.0000000000000000e+00   5.9781900494499038e-02  -6.6516539455246090e-02  -9.6275492477070124e-02   1.6141959438583342e-01   9.4624163800045541e-02   1.8710964119078641e-01
   2.9950975888734514e-02  -3.2063073414408727e-02  -9.9422383236428802e-01   2.5039769011258878e-01  -2.0726583983151997e-02   5.0000000000000000e+00   7.0642568185705801e-02  -6.4505039203616624e-02  -1.0184761941387892e-01   1.6500502481007337e-01   9.4144852990466585e-02   1.8997344961117460e-01
   2.9108466360750700e-02  -3.1181199751399890e-02  -1.0234534186050295e+00   2.5723420532074220e-01  -2.1804398305902910e-02   5.0000000000000000e+00   8.8601248202660729e-02  -6.2181686637375125e-02  -1.0799120643536049e-01   1.6820591262001602e-01   9.7926543131561558e-02   1.9463513786063927e-01
   2.9556437480105315e-02  -3.1594100070457709e-02  -9.7149218164617890e-01   2.3577613295761421e-01  -1.9796334325699553e-02   5.0000000000000000e+00   9.2431360452561603e-02  -6.2401631802786149e-02  -1.1552943666311981e-01   1.7080281593495233e-01   1.0293507933436125e-01   1.9942224672508443e-01
   3.0450303995962533e-02  -3.2608186711499093e-02  -9.2090449238680538e-01   2.1976418521383453e-01  -1.8235325604580455e-02   5.0000000000000000e+00   8.6224699455047696e-02  -6.0400019663219617e-02  -1.1942916969616510e-01   1.7256867035293244e-01   1.0364945611833495e-01   2.0130364065512005e-01
   3.0622613763902420e-02  -3.2847520355219526e-02  -8.9039144263640702e-01   2.1095367361697029e-01  -1.7483076609383259e-02   5.0000000000000000e+00   8.2471459722013710e-02  -5.7512887315974141e-02  -1.1602264500437670e-01   1.7275832267832320e-01   1.0312073327152745e-01   2.0119474069936605e-01
   3.0635737821312806e-02  -3.2911744354947654e-02  -8.4324959770195451e-01   1.9863003034187796e-01  -1.6608524437840874e-02   5.0000000000000000e+00   7.8536558736154255e-02  -5.5725072585505186e-02  -1.1248492994162491e-01   1.7447792683107202e-01   1.0385284781245031e-01   2.0304669647651225e-01
   2.9870632432343811e-02  -3.2082229820197761e-02  -8.6110421925533065e-01   2.0761275523743847e-01  -1.7906831973310063e-02   5.0000000000000000e+00   8.3693836186923887e-02  -5.7703130458405055e-02  -1.0296540239565589e-01   1.7500019022370869e-01   1.0626661861933441e-01   2.0473802971387925e-01
   3.1116964383611594e-02  -3.3356175275871300e-02  -6.6708802206310924e-01   1.4127290201840070e-01  -1.2622154143519040e-02   5.0000000000000000e+00   9.0184598171705446e-02  -6.0724224002683007e-02  -1.0182405483298031e-01   1.7589328059490705e-01   1.0815624289951578e-01   2.0648539666663540e-01
   3.2646648555891077e-02  -3.5013513130191000e-02  -6.3975796655001971e-01   1.3137419222305685e-01  -1.1861889649765154e-02   5.0000000000000000e+00   9.2420080016991327e-02  -6.1146475902520855e-02  -9.6930125497200731e-02   1.7777198072821815e-01   1.0846326112106348e-01   2.0824782386630108e-01
   3.3714734679698696e-02  -3.6287313071214564e-02  -7.0232907921311061e-01   1.5230708666281623e-01  -1.3653241145697773e-02   5.0000000000000000e+00   9.2458088264336769e-02  -5.8204357563191964e-02  -9.0098892973211428e-02   1.8103515293616271e-01   1.0428639888518927e-01   2.0892433939362026e-01
   3.4152155671332347e-02  -3.6872650390792738e-02  -8.4035334022612918e-01   2.0087844231141636e-01  -1.7921237258330197e-02   5.0000000000000000e+00   9.1129012567656875e-02  -5.7017512406772740e-02  -8.0674645227464162e-02   1.8394451077706472e-01   9.8811697181312719e-02   2.0880453669608123e-01
   3.4875788244996563e-02  -3.7695138769594641e-02  -9.1549484560306904e-01   2.2397926380890160e-01  -1.9769694609999090e-02   5.0000000000000000e+00   9.2205789942404637e-02  -5.5265056658208800e-02  -7.6279490915937095e-02   1.8597466086277573e-01   9.5719113452693821e-02   2.0916195438748922e-01
   3.5346765189664328e-02  -3.8353149254633942e-02  -9.1481915453000462e-01   2.2407130394403366e-01  -1.9552330001595918e-02   5.0000000000000000e+00   8.6341031510335481e-02  -5.7296184698933925e-02  -7.3423996370355293e-02   1.8821957571264297e-01   9.4080820567434609e-02   2.1042293002448464e-01
   3.3659208628902017e-02  -3.6631996928308035e-02  -8.5011242521654606e-01   2.0172387311098514e-01  -1.7118855547697452e-02   5.0000000000000000e+00   7.0203132375331878e-02  -4.9999662309626658e-02  -7.5357298459533942e-02   1.9033056050055303e-01   9.1433995758315914e-02   2.1115373035015603e-01
   3.3954263907319072e-02  -3.7136792156077465e-02  -9.4697503725035526e-01   2.3643694187636416e-01  -1.9972283998083575e-02   5.0000000000000000e+00   6.1994488107057266e-02  -4.9291251381721149e-02  -7.9553528857008352e-02   1.9563028214047626e-01   8.4243174221070471e-02   2.1299793354209795e-01
   3.4871100558587872e-02  -3.8710141235857802e-02  -1.1082882974554951e+00   2.9513080775973105e-01  -2.5200037537614402e-02   5.0000000000000000e+00   5.9316990569748970e-02  -5.0743541163246808e-02  -8.2237908395584300e-02   2.0241226732713391e-01   7.1759948513931054e-02   2.1475617843320169e-01
   3.6478848065443686e-02  -4.0814506290932882e-02  -1.0587907202440938e+00   2.7733134960188471e-01  -2.3829701886427197e-02   5.0000000000000000e+00   5.9755857278454623e-02  -4.8352978084249348e-02  -8.0411590648721179e-02   2.0490683012957495e-01   6.5615186365389336e-02   2.1515613334393993e-01
   3.6902092448218210e-02  -4.1581744338651923e-02  -1.0342943954873254e+00   2.6834825570598125e-01  -2.3122175338778091e-02   5.0000000000000000e+00   6.0603990341261446e-02  -4.9201648310338325e-02  -8.3601982013301032e-02   2.0662670101165626e-01   6.2725087406618377e-02   2.1593756079276319e-01
   3.5791969618603661e-02  -4.1010992700311423e-02  -1.0814489440544237e+00   2.8198458241092450e-01  -2.4289846864129494e-02   5.0000000000000000e+00   6.5477481231393506e-02  -5.5826710865977396e-02  -9.0502266772786485e-02   2.0881395864609986e-01   5.5903317874423236e-02   2.1616764391282964e-01
   3.4138543641783689e-02  -3.9172856670923725e-02  -1.1217988281908522e+00   2.9219694275532943e-01  -2.5089452470274255e-02   5.0000000000000000e+00   6.9755855223716440e-02  -5.8990891229657373e-02  -9.2284836299167505e-02   2.0727453641492666e-01   5.4520555013909421e-02   2.1432504371875788e-01
   3.2386423671663674e-02  -3.7021441797026586e-02  -1.1512141261601381e+00   2.9651149318020259e-01  -2.5157792361041147e-02   5.0000000000000000e+00   7.1579700897725168e-02  -6.1450802037858625e-02  -9.2524336112376607e-02   2.0259484528885358e-01   5.4556304678164122e-02   2.0981196752747730e-01
   3.1000404515263456e-02  -3.5471419850450166e-02  -1.1159261883404334e+00   2.8062449202013906e-01  -2.3630521243833632e-02   5.0000000000000000e+00   7.2654781575738722e-02  -6.2589604660222314e-02  -9.4324315060654348e-02   1.9917746605986342e-01   5.2729783453321681e-02   2.0603905709612980e-01
