  -1.0003730994978827e-02   1.2570116648984745e-02  -1.9521435104534812e-01   2.8870218099174720e-02   5.0000000000000000e+00  -1.2079269860376797e-01  -2.4386013729993761e-02  -6.6032271909355886e-02   1.2627969324332039e-01   6.3270139280118334e-02   1.4124330585961470e-01
  -2.7731464058306898e-02   2.0820656039697752e-02  -1.0510625279526002e-01   5.2488484114143329e-02   5.0000000000000000e+00  -1.8219710165235306e-01   1.0285472145227842e-02  -1.4866325733802224e-02   1.3565977653679448e-01   8.8233360175388326e-02   1.6182923350820400e-01
  -1.0050206392139886e-02   1.2604283891281607e-02  -1.9537517024618295e-01   2.8893145657515298e-02   5.0000000000000000e+00  -1.2079418109354485e-01  -2.4390731571355836e-02  -6.5990101822846384e-02   1.2626908016433794e-01   6.3323171072926052e-02   1.4125758245233797e-01
  -1.0050206392139886e-02   1.2604283891281607e-02  -1.9537517024618295e-01   2.8893145657515298e-02   5.0000000000000000e+00  -1.2079418109354485e-01  -2.4390731571355836e-02  -6.5990101822846384e-02   1.2626908016433794e-01   6.3323171072926052e-02   1.4125758245233797e-01
  -1.1303398297939244e-02   1.1793645420224333e-02  -1.6977236995158965e-01   3.1550958102931709e-02   5.0000000000000000e+00  -1.3833485027808051e-01  -2.5604204485701155e-02  -6.6313889785852051e-02   1.2457381677883185e-01   6.5170529096022334e-02   1.4059101567846169e-01
  -1.6728605852394895e-02   9.4999858511373748e-03  -6.5544113723825972e-02   3.6700045466928836e-02   5.0000000000000000e+00  -1.9709101763620865e-01  -2.9810273136073814e-02  -7.0445092663618078e-02   1.2683194462916927e-01   7.7334828935180830e-02   1.4854971539807924e-01
  -2.3218788887588538e-02   1.2601735519784170e-02  -2.4501225274903362e-02   4.4715045387289543e-02   5.0000000000000000e+00  -2.2750289452045333e-01  -3.4210435795091997e-02  -7.8247079772468753e-02   1.3033076776280944e-01   8.5081914427086902e-02   1.5564395647830823e-01
  -1.7910106753638980e-02   1.6927812500433087e-03  -3.7680777212067876e-02   5.1265820367271328e-02   5.0000000000000000e+00  -2.3864205129303118e-01  -1.8589858906484440e-02  -6.2298931620270809e-02   1.3357342509422604e-01   8.9214054105267365e-02   1.6062691972798451e-01
  -1.7846319735996905e-02   1.0329012311524935e-02  -7.8494009923188987e-02   5.1897422922832108e-02   5.0000000000000000e+00  -2.1650542192118258e-01  -9.6146803103798668e-04  -3.5212961101645186e-02   1.3715519988026326e-01   8.1836309364649057e-02   1.5971452778198203e-01
  -2.0731600570096358e-02   1.9904584744260094e-02  -1.1178142283236339e-01   4.7952361051379275e-02   5.0000000000000000e+00  -1.8509451392941800e-01   1.1942891355184402e-02  -3.3694198777634347e-02   1.3776465790641407e-01   8.4248522372209894e-02   1.6148348054823455e-01
  -2.4648193373515422e-02   1.4834157135850939e-02  -1.2123556234159277e-01   3.7517457015854454e-02   5.0000000000000000e+00  -1.5654538235105503e-01   2.8499738615686793e-02  -5.9522723412180865e-03   1.4325812237241303e-01   6.9549920249561609e-02   1.5924848832057920e-01
  -1.5185529503483942e-02   1.0557525724050753e-02  -2.6788558465195461e-01   3.7407071450693649e-02   5.0000000000000000e+00  -9.1402106161005914e-02   3.3040018438808980e-02  -3.1549643187593532e-03   1.5096637624941528e-01   6.0936178998610667e-02   1.6280069001337413e-01
  -8.7893700087544673e-04   2.0988179712585590e-03  -3.6710304517709630e-01   2.3941526078288689e-02   5.0000000000000000e+00  -3.5097019041488951e-02  -2.3711536339626998e-02  -7.5496936163772899e-02   1.5790088846127573e-01   7.4824784783417808e-02   1.7473247836262448e-01
   5.8564518719709663e-03  -6.2290084531368972e-03  -3.5348551344755158e-01   1.1205919419167099e-02   5.0000000000000000e+00  -1.6526989591844439e-03  -4.9234478275249335e-02  -9.9194234338802589e-02   1.6168010413659203e-01   6.5815813934143111e-02   1.7456281802672927e-01
   1.4394457282536452e-02  -8.1265559509425111e-03  -3.2842374593546725e-01   5.5192291419808763e-03   5.0000000000000000e+00   1.9482295836780978e-02  -8.8553739633602371e-02  -1.5504973211476028e-01   1.5917120297334167e-01   3.5198914265937735e-02   1.6301667221938243e-01
   1.9804128417274604e-02  -4.5949461537739666e-03  -2.9654371844079519e-01   1.0928039832079111e-02   5.0000000000000000e+00  -8.1224187652620111e-03  -1.0565519861064926e-01  -1.6716138338558731e-01   1.5858716209980908e-01   5.6065177983176312e-02   1.6820580300678201e-01
   1.7374806173913574e-02   4.0775019200853452e-04  -2.3061840921093393e-01  -5.3094397062287552e-03   5.0000000000000000e+00   1.6739878651931387e-02  -1.0902283854739962e-01  -1.7006851227720934e-01   1.6025460789853624e-01   6.7255348786212338e-02   1.7379534312825723e-01
   2.1763912200651377e-02   2.5880394500402793e-04  -2.1109011997374810e-01  -8.1684302532626166e-03   5.0000000000000000e+00   2.0880920486624429e-02  -8.9906256899565579e-02  -1.5238387775599238e-01   1.6833329668845814e-01   5.2355977181570139e-02   1.7628739921117892e-01
   2.2208035957047758e-02   4.8500714984710406e-03  -2.2775485625351893e-01  -1.2926622603691694e-02   5.0000000000000000e+00   5.0533592379796481e-02  -9.3011704551373114e-02  -1.5494288761195446e-01   1.6566345950612207e-01   5.0818250039712111e-02   1.7328264873505150e-01
   1.7900077699181345e-02   8.9481504459281297e-03  -2.4791590414127829e-01  -8.7285795710413325e-03   5.0000000000000000e+00   5.1763891067565078e-02  -1.0106078746268225e-01  -1.5777930389918010e-01   1.6902959309335897e-01   4.8551625021532589e-02   1.7586433303412610e-01
   2.1990240368930446e-02   8.5331039730081586e-03  -2.4544705950667081e-01  -7.9667215230595813e-03   5.0000000000000000e+00   4.9558969333944547e-02  -1.0336007566304373e-01  -1.5188639742259741e-01   1.7135860858967192e-01   5.5624197809715427e-02   1.8016055095320599e-01
   2.4257080995711947e-02   2.8202297372365115e-03  -2.5672278555083389e-01  -6.3699330038906364e-03   5.0000000000000000e+00   5.1039468597973502e-02  -9.7784487896060313e-02  -1.5062132775401146e-01   1.6962511632822624e-01   6.1320271959023287e-02   1.8036866646536159e-01
   2.1912925248289652e-02   1.3791498555662518e-03  -2.6032377783139449e-01  -5.1743657143999040e-03   5.0000000000000000e+00   4.7426430439847622e-02  -9.1087657958620713e-02  -1.4126096736085289e-01   1.6905223988553877e-01   7.2711174540257037e-02   1.8402601640350061e-01
   2.2192634472758301e-02   2.6519326712365768e-03  -2.5363867150941644e-01  -6.5759807881402574e-03   5.0000000000000000e+00   4.8133852972662469e-02  -8.1706108098342875e-02  -1.3603630141735026e-01   1.6991175823284452e-01   8.4558430963391398e-02   1.8978970950177260e-01
   1.8287264692936636e-02   3.9465325878127030e-03  -2.4349914220938740e-01  -3.3243406994243269e-03   5.0000000000000000e+00   3.0827799752738156e-02  -8.0548134403799682e-02  -1.3476266402147208e-01   1.7026110784115667e-01   8.6965792981063522e-02   1.9118549629122805e-01
   1.9152737038120135e-02   1.5707300557404502e-03  -2.2976405804638150e-01  -4.3535904337169114e-03   5.0000000000000000e+00   2.8360464888355450e-02  -8.5461127701208478e-02  -1.3149008057630238e-01   1.6961086522594071e-01   8.7994185125117974e-02   1.9107805268665934e-01
   2.8798616938185591e-02  -6.3702554126162528e-03  -2.1342103386197467e-01  -3.8299809557041258e-03   5.0000000000000000e+00   2.6630462419017131e-02  -1.0103156098080972e-01  -1.3920789710669054e-01   1.7075696645598165e-01   9.3926043431600034e-02   1.9488469213348714e-01
   2.8991128557571022e-02  -3.3655112032783614e-03  -2.2317700414019229e-01  -2.8875138082438607e-03   5.0000000000000000e+00   3.0959976743542752e-02  -9.2077619032757116e-02  -1.3351021801942825e-01   1.6654215735807826e-01   9.3369631537264949e-02   1.9092977313894113e-01
   3.0072031214764771e-02  -5.6552732958293356e-03  -2.3903605727186120e-01   1.0064119053904124e-03   5.0000000000000000e+00   3.5087171724303617e-02  -9.5853784884035564e-02  -1.5088732722037015e-01   1.6453159232970152e-01   8.8993572396128248e-02   1.8705747994232153e-01
   3.0869647086877942e-02  -6.5167704866685413e-03  -2.7206149662684970e-01   5.2731590837783093e-03   5.0000000000000000e+00   4.0820262565562128e-02  -9.0482124455959295e-02  -1.4669846544567106e-01   1.6478770401048115e-01   8.6151054118851891e-02   1.8594889491157321e-01
   3.0122969989412725e-02  -1.3184608774810000e-02  -2.5962610789476920e-01   5.8493901505991507e-03   5.0000000000000000e+00   3.3926897442662821e-02  -8.6237275500600299e-02  -1.4368296966884744e-01   1.6676214166869149e-01   9.3130013260289815e-02   1.9100474146939517e-01
   3.4352743309334834e-02  -2.3429390422103194e-02  -2.9225060943537629e-01   1.4380053752650494e-02   5.0000000000000000e+00   2.6273232605143648e-02  -7.9013095920195647e-02  -1.3179431288621765e-01   1.6634693471887677e-01   9.1209501401220500e-02   1.8971155957459601e-01
   3.8555879533548942e-02  -2.8252412028995061e-02  -2.9446600388372596e-01   1.7424702657802594e-02   5.0000000000000000e+00   1.4149144988633499e-02  -6.9756074871967069e-02  -1.2104970212716426e-01   1.6818737952254820e-01   9.2845519065794038e-02   1.9211268839214757e-01
   4.3328833913911777e-02  -2.9361713609431538e-02  -2.9813436262966531e-01   1.9035325101098632e-02   5.0000000000000000e+00   1.5038286093674720e-02  -7.2929577444272004e-02  -1.3348834294285350e-01   1.6775823583658048e-01   8.7494986572706560e-02   1.8920411825951319e-01
   4.5350499817976654e-02  -2.7889445572701524e-02  -3.1486709560258541e-01   2.1798375528075963e-02   5.0000000000000000e+00   1.8464470656091837e-02  -7.2653373271077418e-02  -1.3591992052572996e-01   1.6694149319108501e-01   8.9779746601926128e-02   1.8955174768061397e-01
   4.5976863997356524e-02  -2.5004456700011054e-02  -3.3174725502940183e-01   2.4434452349304650e-02   5.0000000000000000e+00   1.9772081578871843e-02  -6.6184699831730281e-02  -1.3386903153926785e-01   1.6613447321624047e-01   8.7057251660590210e-02   1.8756233165945943e-01
   3.9656157616554229e-02  -2.3398043351331738e-02  -3.4673881621285774e-01   2.6334548375624524e-02   5.0000000000000000e+00   3.3038437386185081e-02  -7.0190652733056955e-02  -1.3211985169846296e-01   1.6544143668890515e-01   8.4518497187620778e-02   1.8578009942010171e-01
   3.7729891326769398e-02  -2.1851791128459818e-02  -3.1912762204941336e-01   2.3697134693590822e-02   5.0000000000000000e+00   2.7183147363839439e-02  -7.1241862243993315e-02  -1.2016681369631210e-01   1.6572627499745779e-01   7.6878586831748238e-02   1.8268966948839679e-01
   4.2390905194834565e-02  -2.3835440096446281e-02  -3.2406447049243858e-01   2.3853664505893053e-02   5.0000000000000000e+00   3.1117435346588219e-02  -7.2788706697006267e-02  -1.1729152482028174e-01   1.6521608463485890e-01   7.5305209813928464e-02   1.8156880031324943e-01
   4.7493139653058777e-02  -2.7708169396167260e-02  -3.3340633598801600e-01   2.3172047300167059e-02   5.0000000000000000e+00   3.9948237391244597e-02  -7.2074900342660550e-02  -1.0835271262303049e-01   1.6212265058930694e-01   8.1363507291974044e-02   1.8139397496320989e-01
   4.9922726361467114e-02  -3.0303621724010479e-02  -3.2934428788485171e-01   1.8404767526360007e-02   5.0000000000000000e+00   5.1923573601491323e-02  -6.6063247515284779e-02  -9.5710651355983598e-02   1.6147827786514210e-01   9.0188492311142052e-02   1.8495728795494643e-01
   5.0086149305572467e-02  -3.5099811121346781e-02  -3.1605504576756904e-01   1.3483466554576684e-02   5.0000000000000000e+00   6.2889091871645569e-02  -6.4120273102971706e-02  -1.0136519819784540e-01   1.6505489089365227e-01   8.5222393639150851e-02   1.8575783532734719e-01
   4.9050980724933455e-02  -3.5407626131805342e-02  -3.1126234513953199e-01   8.6642522706631125e-03   5.0000000000000000e+00   7.8818873648984225e-02  -6.1693413447971801e-02  -1.0737916358422663e-01   1.6828427931370948e-01   8.6921428192800188e-02   1.8940679328685839e-01
   4.9210477095276067e-02  -3.7453958770075978e-02  -3.2607572067539575e-01   1.0764658394643927e-02   5.0000000000000000e+00   8.1753940508072942e-02  -6.1845765515236455e-02  -1.1483392563652133e-01   1.7089870443486258e-01   8.9128274495836296e-02   1.9274391428037271e-01
   4.8675278489979365e-02  -4.3193428277421196e-02  -3.2639748741010849e-01   1.2586122321856887e-02   5.0000000000000000e+00   7.6139415730635693e-02  -5.9869188386569565e-02  -1.1876528794972106e-01   1.7265415705368503e-01   8.9434361475902086e-02   1.9444269839857925e-01
   4.7597706063450956e-02  -4.6279670016873470e-02  -3.2032671296053716e-01   1.2309947780871402e-02   5.0000000000000000e+00   7.2862996586063947e-02  -5.7008886064577331e-02  -1.1539222785103380e-01   1.7283560772697321e-01   8.8734432595588122e-02   1.9428316145876651e-01
   4.5729088723206600e-02  -5.0387871525845111e-02  -3.0166550861094693e-01   9.9249441955073583e-03   5.0000000000000000e+00   6.9461734931979366e-02  -5.5252521738508677e-02  -1.1189367095384954e-01   1.7454575303557676e-01   8.5984784569340486e-02   1.9457544315815511e-01
   4.6387240906922943e-02  -5.0912887699560434e-02  -2.7736260911794108e-01   4.0856338482151387e-03   5.0000000000000000e+00   7.4303649676842179e-02  -5.7227169764921426e-02  -1.0236919196852977e-01   1.7507074305535472e-01   8.5935594755824782e-02   1.9502484846806412e-01
   4.8907977419711812e-02  -5.4246210931718435e-02  -2.5805654238855047e-01  -9.7685618720691546e-04   5.0000000000000000e+00   8.0713532514253616e-02  -6.0275085060513815e-02  -1.0125977021922794e-01   1.7595924971613094e-01   8.5822464794315018e-02   1.9577321835234554e-01
   5.2895712859044611e-02  -5.6691741616357982e-02  -2.5600069470195147e-01  -2.1200478964511099e-03   5.0000000000000000e+00   8.3443489182260522e-02  -6.0757999067766216e-02  -9.6439903723176443e-02   1.7782263513981475e-01   8.4477543371605499e-02   1.9686885203649959e-01
   5.4029136134052753e-02  -5.7677881930028783e-02  -2.5925046258321377e-01  -2.1031350326447254e-03   5.0000000000000000e+00   8.4275985413554522e-02  -5.7894303291344359e-02  -8.9704843494805550e-02   1.8106551684691732e-01   8.0471715171367253e-02   1.9814241931919313e-01
   5.4594942477226176e-02  -5.6180445672693945e-02  -2.5582958209451123e-01  -3.1375220167113114e-03   5.0000000000000000e+00   8.3637886765489888e-02  -5.6768363545681537e-02  -8.0355488888800494e-02   1.8395989783228278e-01   7.6890889741164994e-02   1.9938267962802564e-01
   5.5044548170231702e-02  -5.4481574858268295e-02  -2.6971995353088007e-01  -1.6233695459350736e-03   5.0000000000000000e+00   8.5455901988762448e-02  -5.5094654619820771e-02  -7.6056749539904211e-02   1.8597031460173091e-01   7.4904937196443255e-02   2.0048867182329747e-01
   5.7232493733839110e-02  -5.3625808713172782e-02  -2.7555980162422206e-01   5.8663113946084619e-04   5.0000000000000000e+00   8.0482423535159595e-02  -5.7182101231666525e-02  -7.3271199627150368e-02   1.8820546497626900e-01   7.4560201007912524e-02   2.0243646070131224e-01
   5.3922248180065746e-02  -4.9457881658567279e-02  -2.8959094955721870e-01   5.6309440085225157e-03   5.0000000000000000e+00   6.5688457276251500e-02  -4.9931407465729459e-02  -7.5263114386216967e-02   1.9031683168413233e-01   7.0735982707634745e-02   2.0303712880136274e-01
   5.0724843036020449e-02  -4.6127766565889586e-02  -2.9010681672144573e-01   6.8631937066430219e-03   5.0000000000000000e+00   5.7600628914104737e-02  -4.9190900382964593e-02  -7.9421206751931442e-02   1.9562618378118349e-01   6.6213713315240966e-02   2.0652810852710168e-01
   5.0070568016781107e-02  -4.2535087401825850e-02  -2.7556510445266630e-01   4.3178172325375663e-03   5.0000000000000000e+00   5.5567874275862954e-02  -5.0692317444650997e-02  -8.2166235864843382e-02   2.0240210760605845e-01   5.2136478769766972e-02   2.0900915190939565e-01
   4.9033377066545612e-02  -4.1507653630566431e-02  -2.7044024219214324e-01   2.2701502711961661e-03   5.0000000000000000e+00   5.5782007292845520e-02  -4.8281980818553373e-02  -8.0315602215975765e-02   2.0489946675216669e-01   4.3671830255045965e-02   2.0950183825720436e-01
   4.7651938756494774e-02  -4.2429233219158799e-02  -2.6895094045012008e-01   1.4384937993617874e-03   5.0000000000000000e+00   5.6357407911737011e-02  -4.9108345215601069e-02  -8.3478510999038247e-02   2.0662229517070801e-01   4.1048976516686209e-02   2.1066036963481918e-01
   4.5161004770954104e-02  -4.0870650810160170e-02  -2.7616152495442015e-01   1.4692203647823309e-03   5.0000000000000000e+00   6.0434992506883937e-02  -5.5681166649259588e-02  -9.0313999656324098e-02   2.0881580304104164e-01   3.7119068511372220e-02   2.1208928508254971e-01
   4.3221145858104770e-02  -3.7573974061148603e-02  -2.8983667234630667e-01   2.4819402989800557e-03   5.0000000000000000e+00   6.4240434787149719e-02  -5.8821714087252348e-02  -9.2066947172677258e-02   2.0727898288178190e-01   3.7542110265012134e-02   2.1065133939203035e-01
   4.2203920352632728e-02  -3.6125744604445148e-02  -3.1734446513552622e-01   6.0146080728097698e-03   5.0000000000000000e+00   6.6242904523219556e-02  -6.1308984898660067e-02  -9.2339729322597236e-02   2.0259410505327080e-01   3.9331993413678761e-02   2.0637678432476214e-01
   4.1093110596571884e-02  -3.4486629568859478e-02  -3.3288654054903405e-01   7.8692177708391733e-03   5.0000000000000000e+00   6.7300004991781792e-02  -6.2451778769246610e-02  -9.4144442739073936e-02   1.9917558745874359e-01   3.9254564723319015e-02   2.0300698384822344e-01
