  -1.1658289486833732e-02   1.2590190547300205e-02   3.0224699697970581e-01  -1.4489081759090905e-01   1.4768272505415438e-02   5.0000000000000000e+00  -1.2079269860376797e-01  -2.4386013729993761e-02  -6.6032271909355886e-02   1.2627969324332039e-01   5.5694964371499185e-02   1.3801626709185283e-01
  -2.3342437220541270e-02   2.5442827318810753e-02   2.2622747096252571e-01  -6.3903763001280062e-02   9.7271490349846949e-03   5.0000000000000000e+00  -1.8219710165235306e-01   1.0285472145227842e-02  -1.4866325733802224e-02   1.3565977653679448e-01   8.4148160726979782e-02   1.5963861664317514e-01
  -1.1713519280389273e-02   1.2649038235837049e-02   3.0111037780195088e-01  -1.4452721197247884e-01   1.4739085398614857e-02   5.0000000000000000e+00  -1.2079418109354485e-01  -2.4390731571355836e-02  -6.5990101822846384e-02   1.2626908016433794e-01   5.5718184855375212e-02   1.3801592925863942e-01
  -1.1713519280389273e-02   1.2649038235837049e-02   3.0111037780195088e-01  -1.4452721197247884e-01   1.4739085398614857e-02   5.0000000000000000e+00  -1.2079418109354485e-01  -2.4390731571355836e-02  -6.5990101822846384e-02   1.2626908016433794e-01   5.5718184855375212e-02   1.3801592925863942e-01
  -1.2278120458586866e-02   1.3277530769715494e-02   2.6756087633486048e-01  -1.2124823416795263e-01   1.2929210688122833e-02   5.0000000000000000e+00  -1.3833485027808051e-01  -2.5604204485701155e-02  -6.6313889785852051e-02   1.2457381677883185e-01   5.5674606374832361e-02   1.3644888281638107e-01
  -1.4545857381029570e-02   1.5697891642176061e-02   4.3681047349665564e-01  -1.3915640684947722e-01   1.4822368069630887e-02   5.0000000000000000e+00  -1.9709101763620865e-01  -2.9810273136073814e-02  -7.0445092663618078e-02   1.2683194462916927e-01   6.4419770310412641e-02   1.4225417036158547e-01
  -2.0231331361295131e-02   2.1817626069770453e-02   4.9794112356404685e-01  -1.3838257963175793e-01   1.5412551514803445e-02   5.0000000000000000e+00  -2.2750289452045333e-01  -3.4210435795091997e-02  -7.8247079772468753e-02   1.3033076776280944e-01   7.3840441557094211e-02   1.4979492593205557e-01
  -1.4364102846719240e-02   1.5512980028971272e-02   3.4965396364105472e-01  -8.4488000379650513e-02   1.1304264324416237e-02   5.0000000000000000e+00  -2.3864205129303118e-01  -1.8589858906484440e-02  -6.2298931620270809e-02   1.3357342509422604e-01   7.9705343581345275e-02   1.5554678295234239e-01
  -1.3032394047010662e-02   1.3998592811391044e-02   1.6670502349016986e-01  -3.3993524819444954e-02   7.0325767122746746e-03   5.0000000000000000e+00  -2.1650542192118258e-01  -9.6146803103798668e-04  -3.5212961101645186e-02   1.3715519988026326e-01   8.0123683635499168e-02   1.5884380231383446e-01
  -1.6755902991937768e-02   1.7980435438977423e-02   1.9413629833550133e-01  -5.9430584487086477e-02   8.9515107509462698e-03   5.0000000000000000e+00  -1.8509451392941800e-01   1.1942891355184402e-02  -3.3694198777634347e-02   1.3776465790641407e-01   8.8392854800310061e-02   1.6368383471748207e-01
  -2.0672435050349852e-02   2.2213764885323655e-02   7.1340062488523959e-01  -2.5500372283992406e-01   2.4976865048442879e-02   5.0000000000000000e+00  -1.5654538235105503e-01   2.8499738615686793e-02  -5.9522723412180865e-03   1.4325812237241303e-01   7.7367118541910807e-02   1.6281449768723713e-01
  -1.3777036080974803e-02   1.4826510463362242e-02   6.2931537466661558e-01  -2.7599180225274222e-01   2.6845569827401848e-02   5.0000000000000000e+00  -9.1402106161005914e-02   3.3040018438808980e-02  -3.1549643187593532e-03   1.5096637624941528e-01   6.3968996735615291e-02   1.6395999298987904e-01
  -1.7801586277673912e-03   1.9249282409771937e-03   2.1127219158624244e-01  -1.7779667256760529e-01   1.7336852231354592e-02   5.0000000000000000e+00  -3.5097019041488951e-02  -2.3711536339626998e-02  -7.5496936163772899e-02   1.5790088846127573e-01   6.6354425847660478e-02   1.7127638601521492e-01
  -6.9625197264143533e-04   7.3600839897257635e-04   8.5049908308409763e-02  -1.4181765079551512e-01   1.3184608452729249e-02   5.0000000000000000e+00  -1.6526989591844439e-03  -4.9234478275249335e-02  -9.9194234338802589e-02   1.6168010413659203e-01   6.5391733002755859e-02   1.7440336814042026e-01
   5.8449303772062488e-03  -6.4569345573263267e-03   4.3098887416036885e-01  -2.5880636993229339e-01   2.2792390384799618e-02   5.0000000000000000e+00   1.9482295836780978e-02  -8.8553739633602371e-02  -1.5504973211476028e-01   1.5917120297334167e-01   5.4811195963641930e-02   1.6834410907110914e-01
   4.4642081290327549e-03  -4.9295403354250320e-03  -7.0226827551751547e-01   1.5313500358483401e-01  -1.2210651319071982e-02   5.0000000000000000e+00  -8.1224187652620111e-03  -1.0565519861064926e-01  -1.6716138338558731e-01   1.5858716209980908e-01   5.8949839282356677e-02   1.6918915903297943e-01
   2.2278963720872530e-03  -2.4455493120887342e-03  -9.0653268017581101e-01   2.3138609081469083e-01  -2.0327971539040798e-02   5.0000000000000000e+00   1.6739878651931387e-02  -1.0902283854739962e-01  -1.7006851227720934e-01   1.6025460789853624e-01   6.8230512949430319e-02   1.7417503337176651e-01
   2.9047642373323697e-03  -3.2480680620277044e-03  -7.7677002566436981e-01   1.8966143422352075e-01  -1.6954828523802947e-02   5.0000000000000000e+00   2.0880920486624429e-02  -8.9906256899565579e-02  -1.5238387775599238e-01   1.6833329668845814e-01   6.1931002662981800e-02   1.7936428815359742e-01
   5.3302073909833039e-03  -5.8878212070343633e-03  -8.4943338966638116e-01   2.0468241041004454e-01  -1.8604180183963138e-02   5.0000000000000000e+00   5.0533592379796481e-02  -9.3011704551373114e-02  -1.5494288761195446e-01   1.6566345950612207e-01   6.4311518761552902e-02   1.7770861898330681e-01
   1.1441002528443140e-03  -1.2965354774986764e-03  -7.5984988476064119e-01   1.7066128779482667e-01  -1.5295159343439464e-02   5.0000000000000000e+00   5.1763891067565078e-02  -1.0106078746268225e-01  -1.5777930389918010e-01   1.6902959309335897e-01   6.3376137161243684e-02   1.8052018752147161e-01
   1.2862420406888828e-03  -1.4389599474815375e-03  -8.5427825691162185e-01   2.0556214762543051e-01  -1.8245447912604674e-02   5.0000000000000000e+00   4.9558969333944547e-02  -1.0336007566304373e-01  -1.5188639742259741e-01   1.7135860858967192e-01   7.0430452707560626e-02   1.8526797188499775e-01
   5.3535327537096965e-03  -5.8399150129191755e-03  -9.4785543180176157e-01   2.3613441120951889e-01  -2.0770224545983536e-02   5.0000000000000000e+00   5.1039468597973502e-02  -9.7784487896060313e-02  -1.5062132775401146e-01   1.6962511632822624e-01   7.8721697059787876e-02   1.8700210072974394e-01
   7.1873847952220902e-03  -7.7837287767801890e-03  -8.0317826431485118e-01   1.8546087624884774e-01  -1.6320715500920305e-02   5.0000000000000000e+00   4.7426430439847622e-02  -9.1087657958620713e-02  -1.4126096736085289e-01   1.6905223988553877e-01   8.3373104390018521e-02   1.8849332705946562e-01
   9.8652217958092835e-03  -1.0630328054235288e-02  -7.3999973203448433e-01   1.6418358284258958e-01  -1.4621232665677180e-02   5.0000000000000000e+00   4.8133852972662469e-02  -8.1706108098342875e-02  -1.3603630141735026e-01   1.6991175823284452e-01   8.6883071314188029e-02   1.9083677231278801e-01
   7.7836393820735119e-03  -8.3733730264126706e-03  -6.3948065614483773e-01   1.3579227352875975e-01  -1.1920295045589559e-02   5.0000000000000000e+00   3.0827799752738156e-02  -8.0548134403799682e-02  -1.3476266402147208e-01   1.7026110784115667e-01   8.6981291109359815e-02   1.9119254652404516e-01
   9.5948965220191539e-03  -1.0342918209078416e-02  -5.1358670773068227e-01   9.5532846358711926e-02  -8.5357755861374118e-03   5.0000000000000000e+00   2.8360464888355450e-02  -8.5461127701208478e-02  -1.3149008057630238e-01   1.6961086522594071e-01   8.6302027210368282e-02   1.9030471750146230e-01
   1.4007873635416975e-02  -1.5150026645968756e-02  -5.3777562261807732e-01   1.1028845896695742e-01  -9.7658634189315158e-03   5.0000000000000000e+00   2.6630462419017131e-02  -1.0103156098080972e-01  -1.3920789710669054e-01   1.7075696645598165e-01   8.6839666806307211e-02   1.9157001154742279e-01
   1.2930990262523917e-02  -1.3952697886958250e-02  -7.0003775775640720e-01   1.6445421597163531e-01  -1.4379523477979191e-02   5.0000000000000000e+00   3.0959976743542752e-02  -9.2077619032757116e-02  -1.3351021801942825e-01   1.6654215735807826e-01   9.0041313001263806e-02   1.8932439944305768e-01
   1.4198739657442793e-02  -1.5306477409547695e-02  -5.0637594842907507e-01   9.4870737674881883e-02  -8.0311772450134683e-03   5.0000000000000000e+00   3.5087171724303617e-02  -9.5853784884035564e-02  -1.5088732722037015e-01   1.6453159232970152e-01   9.1355507256340257e-02   1.8819265017691403e-01
   1.5760674390386996e-02  -1.6968491620643407e-02  -5.0550125282246028e-01   8.7458481868576257e-02  -6.9969667646571834e-03   5.0000000000000000e+00   4.0820262565562128e-02  -9.0482124455959295e-02  -1.4669846544567106e-01   1.6478770401048115e-01   8.9591614057338800e-02   1.8756770698189251e-01
   1.6733004770146047e-02  -1.8049938091888949e-02  -4.1050522434501652e-01   5.9000082091779496e-02  -4.5071786627439358e-03   5.0000000000000000e+00   3.3926897442662821e-02  -8.6237275500600299e-02  -1.4368296966884744e-01   1.6676214166869149e-01   8.7707139031132100e-02   1.8842015319746205e-01
   1.9491291302522775e-02  -2.1046586920161217e-02  -4.6405652615634713e-01   7.4611450908532551e-02  -5.1488993420339907e-03   5.0000000000000000e+00   2.6273232605143648e-02  -7.9013095920195647e-02  -1.3179431288621765e-01   1.6634693471887677e-01   8.6680393847304610e-02   1.8757610020439730e-01
   2.2429590683704037e-02  -2.4140515554991564e-02  -6.0734051801029787e-01   1.2710936960107508e-01  -9.4435644678775299e-03   5.0000000000000000e+00   1.4149144988633499e-02  -6.9756074871967069e-02  -1.2104970212716426e-01   1.6818737952254820e-01   8.8512106175188038e-02   1.9005627474574319e-01
   2.6871009420980568e-02  -2.8864489122042820e-02  -8.1043986858613759e-01   1.9857271445903882e-01  -1.5479441620872248e-02   5.0000000000000000e+00   1.5038286093674720e-02  -7.2929577444272004e-02  -1.3348834294285350e-01   1.6775823583658048e-01   8.7543983004195733e-02   1.8922678100956181e-01
   2.8493008599124910e-02  -3.0672124852088908e-02  -9.5479872985676728e-01   2.4611252250113566e-01  -1.9339881599121644e-02   5.0000000000000000e+00   1.8464470656091837e-02  -7.2653373271077418e-02  -1.3591992052572996e-01   1.6694149319108501e-01   8.7482667216447069e-02   1.8847461158514880e-01
   2.8855074540089187e-02  -3.1204910823565631e-02  -1.1312966551814361e+00   3.0464314846326507e-01  -2.4155652792271661e-02   5.0000000000000000e+00   1.9772081578871843e-02  -6.6184699831730281e-02  -1.3386903153926785e-01   1.6613447321624047e-01   8.4166489359519051e-02   1.8623818384516039e-01
   2.6386929078191686e-02  -2.8704511767804915e-02  -1.0321306411968492e+00   2.6629441021236494e-01  -2.0657683869981864e-02   5.0000000000000000e+00   3.3038437386185081e-02  -7.0190652733056955e-02  -1.3211985169846296e-01   1.6544143668890515e-01   8.1009640697761814e-02   1.8421028977684573e-01
   2.5565136581651649e-02  -2.7761199976740408e-02  -1.0238718960249875e+00   2.7027582444757797e-01  -2.1221556923199054e-02   5.0000000000000000e+00   2.7183147363839439e-02  -7.1241862243993315e-02  -1.2016681369631210e-01   1.6572627499745779e-01   7.5302490558615390e-02   1.8203203923722702e-01
   2.6517008659782498e-02  -2.8858512563932102e-02  -1.0920394322667717e+00   2.9269936126752449e-01  -2.3129758890760070e-02   5.0000000000000000e+00   3.1117435346588219e-02  -7.2788706697006267e-02  -1.1729152482028174e-01   1.6521608463485890e-01   7.5012665305318166e-02   1.8144766346878249e-01
   2.7773513097649256e-02  -2.9916242751930434e-02  -1.0719889705620824e+00   2.8218799663222671e-01  -2.2285415280337239e-02   5.0000000000000000e+00   3.9948237391244597e-02  -7.2074900342660550e-02  -1.0835271262303049e-01   1.6212265058930694e-01   8.3709543848877341e-02   1.8245832829851757e-01
   2.8757935335813733e-02  -3.0677623101676786e-02  -1.0484400562045844e+00   2.7098193927306147e-01  -2.1727773634013441e-02   5.0000000000000000e+00   5.1923573601491323e-02  -6.6063247515284779e-02  -9.5710651355983598e-02   1.6147827786514210e-01   9.4632318452363862e-02   1.8716439276198249e-01
   3.0375049452253000e-02  -3.2513137295986011e-02  -9.6576497293359242e-01   2.4143476983515549e-01  -1.9589752638680194e-02   5.0000000000000000e+00   6.2889091871645569e-02  -6.4120273102971706e-02  -1.0136519819784540e-01   1.6505489089365227e-01   9.4149823421776371e-02   1.9001922602270310e-01
   2.9640843751657556e-02  -3.1748006281549869e-02  -9.8795819777346749e-01   2.4607462027150767e-01  -2.0383965278490384e-02   5.0000000000000000e+00   7.8818873648984225e-02  -6.1693413447971801e-02  -1.0737916358422663e-01   1.6828427931370948e-01   9.7925933127671144e-02   1.9470256044299908e-01
   3.0117524944040467e-02  -3.2188829397703067e-02  -9.3484897021359148e-01   2.2441621500389067e-01  -1.8329622801440782e-02   5.0000000000000000e+00   8.1753940508072942e-02  -6.1845765515236455e-02  -1.1483392563652133e-01   1.7089870443486258e-01   1.0296960693195484e-01   1.9952219708402322e-01
   3.0972275103871849e-02  -3.3161524063524225e-02  -8.8668756092399281e-01   2.0919463859376550e-01  -1.6867070280240603e-02   5.0000000000000000e+00   7.6139415730635693e-02  -5.9869188386569565e-02  -1.1876528794972106e-01   1.7265415705368503e-01   1.0373369312361023e-01   2.0142029946602175e-01
   3.1120734971854067e-02  -3.3376852681698502e-02  -8.5759919164949028e-01   2.0080907590072583e-01  -1.6171992595833681e-02   5.0000000000000000e+00   7.2862996586063947e-02  -5.7008886064577331e-02  -1.1539222785103380e-01   1.7283560772697321e-01   1.0320136046145843e-01   2.0130242944248844e-01
   3.1108844987126155e-02  -3.3416092558268731e-02  -8.1191064263452006e-01   1.8890566944368473e-01  -1.5355805569474855e-02   5.0000000000000000e+00   6.9461734931979366e-02  -5.5252521738508677e-02  -1.1189367095384954e-01   1.7454575303557676e-01   1.0392109599698819e-01   2.0313988799832441e-01
   3.0371458646153263e-02  -3.2617634919711300e-02  -8.2747773001497515e-01   1.9707843766895225e-01  -1.6562222235680896e-02   5.0000000000000000e+00   7.4303649676842179e-02  -5.7227169764921426e-02  -1.0236919196852977e-01   1.7507074305535472e-01   1.0632560456813801e-01   2.0482895122695444e-01
   3.1649454014246819e-02  -3.3925055679442526e-02  -6.3023195424480993e-01   1.2949298766320619e-01  -1.1148101155513136e-02   5.0000000000000000e+00   8.0713532514253616e-02  -6.0275085060513815e-02  -1.0125977021922794e-01   1.7595924971613094e-01   1.0821037310635423e-01   2.0656994555956129e-01
   3.3182592342510572e-02  -3.5587476058905596e-02  -6.0118641521412186e-01   1.1878768155282218e-01  -1.0320512056611421e-02   5.0000000000000000e+00   8.3443489182260522e-02  -6.0757999067766216e-02  -9.6439903723176443e-02   1.7782263513981475e-01   1.0851890831074437e-01   2.0832004951281916e-01
   3.4239588772778801e-02  -3.6853217391100278e-02  -6.6284281132851341e-01   1.3915131775875925e-01  -1.2078071517651379e-02   5.0000000000000000e+00   8.4275985413554522e-02  -5.7894303291344359e-02  -8.9704843494805550e-02   1.8106551684691732e-01   1.0433969912000952e-01   2.0897725762267869e-01
   3.4660640554362548e-02  -3.7423808001447532e-02  -8.0079777276483388e-01   1.8751646606155067e-01  -1.6346432813543980e-02   5.0000000000000000e+00   8.3637886765489888e-02  -5.6768363545681537e-02  -8.0355488888800494e-02   1.8395989783228278e-01   9.8878013196050107e-02   2.0884948049746779e-01
   3.5378166363691642e-02  -3.8242137197413366e-02  -8.7446668530191862e-01   2.0984814425862008e-01  -1.8139777167703684e-02   5.0000000000000000e+00   8.5455901988762448e-02  -5.5094654619820771e-02  -7.6056749539904211e-02   1.8597031460173091e-01   9.5809758814481713e-02   2.0919958842492001e-01
   3.5806987960948874e-02  -3.8857276120554826e-02  -8.7561358103840092e-01   2.1041852973083092e-01  -1.7998734635868228e-02   5.0000000000000000e+00   8.0482423535159595e-02  -5.7182101231666525e-02  -7.3271199627150368e-02   1.8820546497626900e-01   9.4223325719286113e-02   2.1047406528248627e-01
   3.4029237034064609e-02  -3.7039031638591041e-02  -8.1784214121605547e-01   1.9040792427796674e-01  -1.5841996022098837e-02   5.0000000000000000e+00   6.5688457276251500e-02  -4.9931407465729459e-02  -7.5263114386216967e-02   1.9031683168413233e-01   9.1571102284840222e-02   2.1120076514053407e-01
   3.4286515228327936e-02  -3.7502785393355727e-02  -9.1883773639272870e-01   2.2670971740038498e-01  -1.8860911734957728e-02   5.0000000000000000e+00   5.7600628914104737e-02  -4.9190900382964593e-02  -7.9421206751931442e-02   1.9562618378118349e-01   8.4376005834358114e-02   2.1304674168207552e-01
   3.5181137677005501e-02  -3.9061517439262596e-02  -1.0809192846012488e+00   2.8554311605212268e-01  -2.4123169516701879e-02   5.0000000000000000e+00   5.5567874275862954e-02  -5.0692317444650997e-02  -8.2166235864843382e-02   2.0240210760605845e-01   7.1885665228121287e-02   2.1478864501798969e-01
   3.6792406879201565e-02  -4.1174376999117031e-02  -1.0316149465433608e+00   2.6788456780055431e-01  -2.2760393887829234e-02   5.0000000000000000e+00   5.5782007292845520e-02  -4.8281980818553373e-02  -8.0315602215975765e-02   2.0489946675216669e-01   6.5722556286363518e-02   2.1518189022344905e-01
   3.7220954977807481e-02  -4.1950866268065337e-02  -1.0070241125027284e+00   2.5894447828742306e-01  -2.2049350296694820e-02   5.0000000000000000e+00   5.6357407911737011e-02  -4.9108345215601069e-02  -8.3478510999038247e-02   2.0662229517070801e-01   6.2832604399465572e-02   2.1596460135223766e-01
   3.6137488183018138e-02  -4.1419876595742429e-02  -1.0528536242998017e+00   2.7228825802933243e-01  -2.3163311168932488e-02   5.0000000000000000e+00   6.0434992506883937e-02  -5.5681166649259588e-02  -9.0313999656324098e-02   2.0881580304104164e-01   5.6002589959975015e-02   2.1619511946827150e-01
   3.4508311927913843e-02  -3.9613078733922551e-02  -1.0916494880232013e+00   2.8202858121072577e-01  -2.3901045945686622e-02   5.0000000000000000e+00   6.4240434787149719e-02  -5.8821714087252348e-02  -9.2066947172677258e-02   2.0727898288178190e-01   5.4590873940797230e-02   2.1434724225453905e-01
   3.2763422805428211e-02  -3.7470282178934604e-02  -1.1198204736355046e+00   2.8581524939722547e-01  -2.3922019198095338e-02   5.0000000000000000e+00   6.6242904523219556e-02  -6.1308984898660067e-02  -9.2339729322597236e-02   2.0259410505327080e-01   5.4626093435859752e-02   2.0982941044190875e-01
   3.1382041366434202e-02  -3.5926338303428264e-02  -1.0840481525447414e+00   2.6974463020233197e-01  -2.2375531371652747e-02   5.0000000000000000e+00   6.7300004991781792e-02  -6.2451778769246610e-02  -9.4144442739073936e-02   1.9917558745874359e-01   5.2809940463167226e-02   2.0605776969398384e-01
