  -1.1192227973519219e-02   1.2039869268064558e-02   4.7561566649631137e-01  -1.7229209573444504e-01   1.7936596947151804e-02   5.0000000000000000e+00  -1.8080051497932376e-01  -2.5278450366490748e-02  -6.4824302357763902e-02   1.2605152492661426e-01   5.7571971856752377e-02   1.3857676168751940e-01
  -2.3006901018405045e-02   2.4949430105949515e-02   4.9380273193446123e-01  -1.1076241772208575e-01   1.4775352135741108e-02   5.0000000000000000e+00  -2.6280438511168086e-01   8.3367392076905879e-03  -1.3909501600867992e-02   1.3566975425296146e-01   8.3867980158673486e-02   1.5949959346328943e-01
  -1.1247823211468234e-02   1.2098787991146694e-02   4.7449073646070999e-01  -1.7191714385144347e-01   1.7907022302799693e-02   5.0000000000000000e+00  -1.8083885545171585e-01  -2.5280981541458667e-02  -6.4778962270063647e-02   1.2603958091136941e-01   5.7601592904009333e-02   1.3857820702185772e-01
  -1.1247823211468234e-02   1.2098787991146694e-02   4.7449073646070999e-01  -1.7191714385144347e-01   1.7907022302799693e-02   5.0000000000000000e+00  -1.8083885545171585e-01  -2.5280981541458667e-02  -6.4778962270063647e-02   1.2603958091136941e-01   5.7601592904009333e-02   1.3857820702185772e-01
  -1.1798004119216698e-02   1.2697195486584193e-02   4.6550559611209669e-01  -1.5387421232826173e-01   1.6598178049346005e-02   5.0000000000000000e+00  -2.0332022497814053e-01  -2.6853608828526554e-02  -6.5256923674332626e-02   1.2442579799306554e-01   5.7629860328663358e-02   1.3712395854741211e-01
  -1.3992709474999769e-02   1.4999444761108243e-02   7.1742499917795988e-01  -1.8640183955221043e-01   2.0043371994057306e-02   5.0000000000000000e+00  -2.8611750502598760e-01  -3.1806979099599501e-02  -6.9250214858939646e-02   1.2674069037895655e-01   6.6850417041381990e-02   1.4329054698877111e-01
  -1.9625480102552238e-02   2.1001545034893071e-02   8.2744982268343137e-01  -1.9256520415493014e-01   2.1485221706231610e-02   5.0000000000000000e+00  -3.3557099941312857e-01  -3.6192517098681133e-02  -7.6404485401761230e-02   1.2987015431839469e-01   7.5580663619707278e-02   1.5026208336063690e-01
  -1.3576491617711134e-02   1.4546856616903426e-02   6.9558778488159889e-01  -1.4096176731645294e-01   1.7663740319955660e-02   5.0000000000000000e+00  -3.5321153390000981e-01  -2.0595367982285426e-02  -6.0260420400177525e-02   1.3299802835067950e-01   8.3333075521088262e-02   1.5694864453371857e-01
  -1.2192722697488674e-02   1.3010427557626833e-02   4.7806394285068843e-01  -7.9935999287377935e-02   1.2552918438995324e-02   5.0000000000000000e+00  -3.3187174689538335e-01  -2.0858881268707948e-03  -3.2365634434846607e-02   1.3600539813510099e-01   8.4045801781717416e-02   1.5987859493696793e-01
  -1.5932671245653625e-02   1.6962793858874704e-02   4.5846012995544810e-01  -9.3970760680068322e-02   1.3444047642739673e-02   5.0000000000000000e+00  -2.9412550594729320e-01   1.1614468172107310e-02  -3.0351347207038228e-02   1.3637464180869716e-01   9.4502823761657334e-02   1.6591813230439076e-01
  -1.9980481740676525e-02   2.1324605775326723e-02   9.3664600358970351e-01  -2.8193537139963892e-01   2.8706432728985293e-02   5.0000000000000000e+00  -2.5482786567607518e-01   2.8591178369700980e-02  -2.5949459194201129e-03   1.4203270744924232e-01   8.2847117870570100e-02   1.6442911823890011e-01
  -1.3333089254992929e-02   1.4317962742968574e-02   7.6062907889885045e-01  -2.9355711358636355e-01   2.9118724172266217e-02   5.0000000000000000e+00  -1.4507434594919658e-01   3.2867575193110989e-02  -1.5189558731728168e-03   1.5066240282422730e-01   6.5799244364522932e-02   1.6440407593399847e-01
  -1.6476873246937280e-03   1.7786757981086609e-03   2.6187596124777412e-01  -1.8625104302428871e-01   1.8279465579846027e-02   5.0000000000000000e+00  -5.1459432216875170e-02  -2.4036132432426711e-02  -7.5239697013793544e-02   1.5789440448258663e-01   6.6479823843475727e-02   1.7131902972282512e-01
  -6.9164556346735910e-04   7.3086874451779190e-04   8.7347478675382159e-02  -1.4226732072315221e-01   1.3230017674554971e-02   5.0000000000000000e+00  -2.2201137398635763e-03  -4.9262118763525549e-02  -9.9199860099157267e-02   1.6168016359570300e-01   6.5407954412744718e-02   1.7440950605053893e-01
   5.7252591225819913e-03  -6.3245763006137155e-03   4.0363715568003578e-01  -2.5551251141147296e-01   2.2335449150499401e-02   5.0000000000000000e+00   3.1532153432876089e-02  -8.8554074768335614e-02  -1.5545169906339396e-01   1.5915510229483706e-01   5.4689340487428906e-02   1.6828924668388642e-01
   4.5169729693064573e-03  -4.9874346109222249e-03  -6.9105716129379002e-01   1.5195585124285646e-01  -1.2032596856496512e-02   5.0000000000000000e+00  -1.3440577769044247e-02  -1.0563714654554464e-01  -1.6696808102485153e-01   1.5858373130989084e-01   5.9053468479979325e-02   1.6922207886586066e-01
   2.3288364861839962e-03  -2.5509243072536218e-03  -9.2933054469938892e-01   2.4161641680408186e-01  -2.1019915086325308e-02   5.0000000000000000e+00   7.6954816516521122e-03  -1.0784295551554635e-01  -1.6871949614608209e-01   1.6029586520714623e-01   6.8400792546373948e-02   1.7427975448536664e-01
   3.0162838402567906e-03  -3.3643672662760039e-03  -8.0586289056241656e-01   2.0260509999661822e-01  -1.7829958537104274e-02   5.0000000000000000e+00   9.6387128180097890e-03  -8.8436905790332657e-02  -1.5070460267265920e-01   1.6839434986070434e-01   6.2044361332448346e-02   1.7946074734648998e-01
   5.2857970932526878e-03  -5.8280586936262360e-03  -9.2147195069031307e-01   2.2319534447706738e-01  -2.0215092790636581e-02   5.0000000000000000e+00   5.7319524905952449e-02  -9.1523873952155360e-02  -1.5384815516916836e-01   1.6581825069118999e-01   6.4652136611402691e-02   1.7797637773228731e-01
   1.1086378917848591e-03  -1.2504681441395896e-03  -8.3395224154513814e-01   1.9043786100641599e-01  -1.6982485852423398e-02   5.0000000000000000e+00   5.6908944915017773e-02  -9.9426852048288217e-02  -1.5650015885462321e-01   1.6920433210620306e-01   6.3838684059222259e-02   1.8084657471436794e-01
   1.2524500042612931e-03  -1.3952664855845314e-03  -9.2549431538057947e-01   2.2435232641020453e-01  -1.9859624798044068e-02   5.0000000000000000e+00   5.5080168929647941e-02  -1.0183195698028863e-01  -1.5071373762909640e-01   1.7151181780244945e-01   7.1031044070858335e-02   1.8563866210382157e-01
   5.3288740570771251e-03  -5.8041868970215623e-03  -1.0195206255388165e+00   2.5424286052028783e-01  -2.2355983289205211e-02   5.0000000000000000e+00   5.8377196401363504e-02  -9.6311201156140031e-02  -1.4955790124370019e-01   1.6977516015533795e-01   7.8965297768208098e-02   1.8724081621642336e-01
   7.1599848080374289e-03  -7.7440718402349814e-03  -8.6991746977051021e-01   2.0180782716354961e-01  -1.7776011710500209e-02   5.0000000000000000e+00   5.5570221786486740e-02  -8.9799306479295085e-02  -1.4038860043414109e-01   1.6917139628286093e-01   8.3696306184380509e-02   1.8874329919020263e-01
   9.8920378522094430e-03  -1.0645409394852917e-02  -8.0631217724285742e-01   1.8200928235273436e-01  -1.6130453299474514e-02   5.0000000000000000e+00   5.2032658477723641e-02  -8.0132885443760293e-02  -1.3476951634228584e-01   1.7006896168884783e-01   8.7113154044299687e-02   1.9108153583606313e-01
   7.8653542600734469e-03  -8.4539615215304901e-03  -6.8023019883988456e-01   1.4914841634708531e-01  -1.2944726189048475e-02   5.0000000000000000e+00   2.6929994506716248e-02  -7.9151489128867575e-02  -1.3339275703225895e-01   1.7035398328494136e-01   8.6942834958185042e-02   1.9125777414686254e-01
   9.6754540379789047e-03  -1.0421433820729756e-02  -5.5093853946017790e-01   1.0797398190646303e-01  -9.4826823132969276e-03   5.0000000000000000e+00   2.4264667667155484e-02  -8.4145238787455612e-02  -1.3018527131351604e-01   1.6969163058923686e-01   8.6216058317380523e-02   1.9033774771132494e-01
   1.4113557024549984e-02  -1.5252320396058474e-02  -5.7189126159078774e-01   1.2258240526065166e-01  -1.0667339457848238e-02   5.0000000000000000e+00   2.0404228434748418e-02  -9.9651126429640274e-02  -1.3777476667836425e-01   1.7083528676781010e-01   8.6564923448537667e-02   1.9151548547491165e-01
   1.3098187427066138e-02  -1.4120406632777803e-02  -7.3823689138916626e-01   1.7973133520952750e-01  -1.5450872943557322e-02   5.0000000000000000e+00   1.9992772651055001e-02  -9.0245902628034821e-02  -1.3151839263003917e-01   1.6666300814511142e-01   8.9753806558062102e-02   1.8929422620787859e-01
   1.4358565006772073e-02  -1.5466435553778303e-02  -5.4996027996398555e-01   1.1056547777424015e-01  -9.1822224113238642e-03   5.0000000000000000e+00   2.7025255011856195e-02  -9.4043591839845453e-02  -1.4901145554397358e-01   1.6467208555290588e-01   9.0844258722932142e-02   1.8806800659139924e-01
   1.5893442149926860e-02  -1.7092661091443230e-02  -5.5824998659992264e-01   1.0462464116605739e-01  -8.3162257530039890e-03   5.0000000000000000e+00   3.5939558086285461e-02  -8.8649840514876663e-02  -1.4490902328529989e-01   1.6495438073189791e-01   8.9218149149603493e-02   1.8753619879992456e-01
   1.6827584746078615e-02  -1.8132320616007828e-02  -4.5511471834832301e-01   7.3123289464017568e-02  -5.6070389054282809e-03   5.0000000000000000e+00   3.0881313686799236e-02  -8.4775914901581706e-02  -1.4228401465701621e-01   1.6687129532606873e-01   8.7546174603862895e-02   1.8844193241306484e-01
   1.9544044943836377e-02  -2.1083778300402645e-02  -4.9924269717480230e-01   8.5040617334182569e-02  -5.9881566485798111e-03   5.0000000000000000e+00   2.5754210552741505e-02  -7.7993322295861492e-02  -1.3087163048226994e-01   1.6640564761265050e-01   8.6634097377704944e-02   1.8760678661987493e-01
   2.2511004821315073e-02  -2.4211322829906897e-02  -6.2494442372295222e-01   1.3429148322913742e-01  -9.9435228787631419e-03   5.0000000000000000e+00   8.7539329145278812e-03  -6.8895650354011448e-02  -1.2010595127568262e-01   1.6821289436077008e-01   8.8455231760146774e-02   1.9005237660963062e-01
   2.6950306605839469e-02  -2.8924509802935993e-02  -8.2934084889059123e-01   2.0596396815157006e-01  -1.6003466646511321e-02   5.0000000000000000e+00   1.0085169936263075e-02  -7.2062607245426111e-02  -1.3255351747218286e-01   1.6778599403808678e-01   8.7568089123560094e-02   1.8926254259123926e-01
   2.8558406838552413e-02  -3.0713277785049915e-02  -9.7883631772523105e-01   2.5416075613136513e-01  -1.9951029995090522e-02   5.0000000000000000e+00   1.5690789667170926e-02  -7.1790132457627817e-02  -1.3506105529287743e-01   1.6697653483236827e-01   8.7512439868452530e-02   1.8851946932970773e-01
   2.8898318711733064e-02  -3.1220923367655501e-02  -1.1577980159794306e+00   3.1255049429299064e-01  -2.4790336821241838e-02   5.0000000000000000e+00   1.9256782500307257e-02  -6.5409675906275000e-02  -1.3316376833697227e-01   1.6616813521006679e-01   8.4218274932985712e-02   1.8629161814713782e-01
   2.6403358736825682e-02  -2.8676971062033613e-02  -1.0778618188885229e+00   2.7811474100202349e-01  -2.1679763056964362e-02   5.0000000000000000e+00   3.6964765435098600e-02  -6.9186877727670529e-02  -1.3135955438032376e-01   1.6551059978007021e-01   8.1253629991628690e-02   1.8437980102596671e-01
   2.5573985860908525e-02  -2.7728457839139773e-02  -1.0612363260397009e+00   2.8010168928615053e-01  -2.2064284016824972e-02   5.0000000000000000e+00   2.9965631149886058e-02  -7.0388727051866093e-02  -1.1950212943988717e-01   1.6577507439978689e-01   7.5627619733678528e-02   1.8221117462668629e-01
   2.6531210077670373e-02  -2.8824030050260938e-02  -1.1348676710049184e+00   3.0401260830242144e-01  -2.4096309468015446e-02   5.0000000000000000e+00   3.4154002999621347e-02  -7.1803052284071828e-02  -1.1651765619911632e-01   1.6528100226560638e-01   7.5286860452700832e-02   1.8162026612343632e-01
   2.7744843475680365e-02  -2.9835518463586994e-02  -1.1277838735368451e+00   2.9463711169799472e-01  -2.3448034320209067e-02   5.0000000000000000e+00   4.9739859642489274e-02  -7.1168074280110932e-02  -1.0787400253011435e-01   1.6218881958005796e-01   8.4009211587646251e-02   1.8265475857023411e-01
   2.8686542511502860e-02  -3.0549553790500828e-02  -1.1219640870162426e+00   2.8541536136504680e-01  -2.3176171336152313e-02   5.0000000000000000e+00   6.9860088628461256e-02  -6.5201533912399467e-02  -9.5543494756114136e-02   1.6153583415271586e-01   9.4983825327039764e-02   1.8739197632014912e-01
   3.0314309675648583e-02  -3.2374542700595317e-02  -1.0544690488070210e+00   2.5964584822421771e-01  -2.1371233442006841e-02   5.0000000000000000e+00   8.2493638950040526e-02  -6.2947603680892333e-02  -1.0097756910007542e-01   1.6516452068778237e-01   9.4523642705819463e-02   1.9029986317494374e-01
   2.9522080570198905e-02  -3.1541099844753104e-02  -1.1007063764997806e+00   2.6763492914011622e-01  -2.2582985527804789e-02   5.0000000000000000e+00   1.0790338481748300e-01  -6.0498345974239615e-02  -1.0728765361168399e-01   1.6838177756400238e-01   9.8356349784601976e-02   1.9500357575840541e-01
   3.0003052648622987e-02  -3.1989059260617916e-02  -1.0519353035465908e+00   2.4673345538961305e-01  -2.0609509362578042e-02   5.0000000000000000e+00   1.1212735827858653e-01  -6.0618720056121858e-02  -1.1475698913742824e-01   1.7099859419524563e-01   1.0332934179548844e-01   1.9979357370205672e-01
   3.0875184972969535e-02  -3.2982502735754551e-02  -9.9554927630976564e-01   2.3019942151787887e-01  -1.8997265657138752e-02   5.0000000000000000e+00   1.0371374570824400e-01  -5.8683022594586860e-02  -1.1863134080858745e-01   1.7275074974703133e-01   1.0403350622020967e-01   2.0165761070346899e-01
   3.1030027791447579e-02  -3.3205301469631236e-02  -9.6159976075135656e-01   2.2098595525167467e-01  -1.8211276760705813e-02   5.0000000000000000e+00   9.8908323216944816e-02  -5.5852929901540421e-02  -1.1523413386994663e-01   1.7292892047106251e-01   1.0351378418210710e-01   2.0154283676426438e-01
   3.1024272169150519e-02  -3.3255485234803518e-02  -9.1102573467720027e-01   2.0818688999478219e-01  -1.7301443946968073e-02   5.0000000000000000e+00   9.4149670757277176e-02  -5.4141911661889384e-02  -1.1173058919513307e-01   1.7463165441641970e-01   1.0419217277666568e-01   2.0335246148531960e-01
   3.0271202073457154e-02  -3.2443278668270535e-02  -9.3415347812829519e-01   2.1734282915297151e-01  -1.8636860727078448e-02   5.0000000000000000e+00   1.0217478245110884e-01  -5.6128108716873369e-02  -1.0232247227841448e-01   1.7514739395967588e-01   1.0652813448837509e-01   2.0499964158124578e-01
   3.1560567433790522e-02  -3.3753713687149051e-02  -7.4565788569773439e-01   1.5194040534867329e-01  -1.3413749624872521e-02   5.0000000000000000e+00   1.0948993778394993e-01  -5.8990010072574657e-02  -1.0107807886419726e-01   1.7607289333641465e-01   1.0842309065238097e-01   2.0677821537693683e-01
   3.3084383000987212e-02  -3.5391887016382489e-02  -7.1974689914965928e-01   1.4189745655583735e-01  -1.2646628640577248e-02   5.0000000000000000e+00   1.1275364623007542e-01  -5.9402717414611658e-02  -9.6213673136171893e-02   1.7794985513519676e-01   1.0897188891819103e-01   2.0866485932479403e-01
   3.4101335660889846e-02  -3.6599180107656407e-02  -7.8231228855534374e-01   1.6189428455232405e-01  -1.4397254730573151e-02   5.0000000000000000e+00   1.1515893855628202e-01  -5.6603397887745328e-02  -8.9588195317649250e-02   1.8117256715409624e-01   1.0506842655914862e-01   2.0943465173848552e-01
   3.4482864317477623e-02  -3.7119369201348215e-02  -9.1963014781108554e-01   2.0964443380846259e-01  -1.8634403385107048e-02   5.0000000000000000e+00   1.1568797119391840e-01  -5.5572466337315364e-02  -8.0362096541167202e-02   1.8404161537039374e-01   9.9752134140859400e-02   2.0933658173811848e-01
   3.5176428552993515e-02  -3.7906245221425522e-02  -9.9619666770993576e-01   2.3224170592457005e-01  -2.0473935436135897e-02   5.0000000000000000e+00   1.1905309250632028e-01  -5.3924503061748869e-02  -7.6137786009462236e-02   1.8604103333762037e-01   9.6675163279565351e-02   2.0966008986085119e-01
   3.5597590660031764e-02  -3.8513208792267078e-02  -9.8991994169446951e-01   2.3112698793516545e-01  -2.0175395033642206e-02   5.0000000000000000e+00   1.1279681131366610e-01  -5.6120968349067060e-02  -7.3406264802407778e-02   1.8825732256435590e-01   9.5139734047322871e-02   2.1093218932561070e-01
   3.3847386160731213e-02  -3.6741913287656365e-02  -9.0997293639842480e-01   2.0735364127540179e-01  -1.7601173801388120e-02   5.0000000000000000e+00   9.0910085273022953e-02  -4.8995188649548875e-02  -7.5272651760625711e-02   1.9036496022911356e-01   9.2580825993175422e-02   2.1168379112395594e-01
   3.4148174111471842e-02  -3.7248941611023219e-02  -9.9867487312799696e-01   2.4257425209533934e-01  -2.0433049607530111e-02   5.0000000000000000e+00   7.6381831004462469e-02  -4.8167050167849904e-02  -7.9138257842925247e-02   1.9569571488670856e-01   8.5341269872497308e-02   2.1349460219984567e-01
   3.5039019651952434e-02  -3.8769733521770093e-02  -1.1578305693800106e+00   3.0149829623479663e-01  -2.5665170159066327e-02   5.0000000000000000e+00   7.1975436199409326e-02  -4.9600512388801331e-02  -8.1743832080346052e-02   2.0248016374036693e-01   7.3031417041765134e-02   2.1524823944333207e-01
   3.6669315648277079e-02  -4.0876972702106884e-02  -1.1091046666646638e+00   2.8486951345180117e-01  -2.4353892714945147e-02   5.0000000000000000e+00   7.0075909766655772e-02  -4.7053527458190934e-02  -7.9701421911158810e-02   2.0499621519082059e-01   6.6857666763337043e-02   2.1562327297302267e-01
   3.7122925344060767e-02  -4.1669152440113266e-02  -1.0854578022903922e+00   2.7706379327089997e-01  -2.3703099811351779e-02   5.0000000000000000e+00   6.8531367952468114e-02  -4.7729273193565715e-02  -8.2659941493526609e-02   2.0673948449708932e-01   6.3844336460473924e-02   2.1637308924217086e-01
   3.6020484012118485e-02  -4.1083921566105616e-02  -1.1374814254969394e+00   2.9184184832269688e-01  -2.4949974658066757e-02   5.0000000000000000e+00   7.3669297422217311e-02  -5.4213238318254323e-02  -8.9451886714152218e-02   2.0894754986124514e-01   5.7170223992641024e-02   2.1662759081978977e-01
   3.4370845238005876e-02  -3.9251318347693430e-02  -1.1816846175427658e+00   3.0263964496489976e-01  -2.5794850043413392e-02   5.0000000000000000e+00   7.8837936521885948e-02  -5.7293590745627947e-02  -9.1196832287346263e-02   2.0742388151400307e-01   5.5869737088574352e-02   2.1481641963472348e-01
   3.2602453111631215e-02  -3.7093784213627273e-02  -1.2125593165156567e+00   3.0624923524351988e-01  -2.5838953939995794e-02   5.0000000000000000e+00   8.3279235637656754e-02  -5.9853921570333056e-02  -9.1615774831004457e-02   2.0273144058982742e-01   5.6040183510607466e-02   2.1033435090714328e-01
   3.1201444040847442e-02  -3.5532583152008836e-02  -1.1784839374205218e+00   2.8998198109464490e-01  -2.4304052545391159e-02   5.0000000000000000e+00   8.6119869274388874e-02  -6.1065464976944810e-02  -9.3540978073997222e-02   1.9930345245983999e-01   5.4273309714979755e-02   2.0656102805183221e-01
