  -4.9105412818133097e-03   1.6360245936344824e-02  -1.1905449525129853e-01   3.5760931656463865e-02   5.0000000000000000e+00  -1.8080051497932376e-01  -2.5278450366490748e-02  -6.4824302357763902e-02   1.2605152492661426e-01   6.4129146478917459e-02   1.4142678093076752e-01
  -1.8428038991504535e-02   2.9123122290841554e-02   7.2852261194348037e-03   6.0036050898882753e-02   5.0000000000000000e+00  -2.6280438511168086e-01   8.3367392076905879e-03  -1.3909501600867992e-02   1.3566975425296146e-01   8.7450892031696620e-02   1.6141233142544720e-01
  -4.9608675840513549e-03   1.6390261443844253e-02  -1.1918801212327033e-01   3.5790934400208425e-02   5.0000000000000000e+00  -1.8083885545171585e-01  -2.5280981541458667e-02  -6.4778962270063647e-02   1.2603958091136941e-01   6.4187356546182628e-02   1.4144254203280004e-01
  -4.9608675840513549e-03   1.6390261443844253e-02  -1.1918801212327033e-01   3.5790934400208425e-02   5.0000000000000000e+00  -1.8083885545171585e-01  -2.5280981541458667e-02  -6.4778962270063647e-02   1.2603958091136941e-01   6.4187356546182628e-02   1.4144254203280004e-01
  -5.1408131392441051e-03   1.6694844102793715e-02  -8.4600086410008976e-02   3.8620176939978899e-02   5.0000000000000000e+00  -2.0332022497814053e-01  -2.6853608828526554e-02  -6.5256923674332626e-02   1.2442579799306554e-01   6.6122687240219413e-02   1.4090418366421570e-01
  -7.2385897665385394e-03   1.7650451831487019e-02   5.4938762540460123e-02   4.5733781533187322e-02   5.0000000000000000e+00  -2.8611750502598760e-01  -3.1806979099599501e-02  -6.9250214858939646e-02   1.2674069037895655e-01   7.8478391166692169e-02   1.4907065599187144e-01
  -1.2376735702952397e-02   2.1794454501690857e-02   1.1893831421406040e-01   5.5983109157085688e-02   5.0000000000000000e+00  -3.3557099941312857e-01  -3.6192517098681133e-02  -7.6404485401761230e-02   1.2987015431839469e-01   8.5046129903001019e-02   1.5523885207692620e-01
  -6.4030735655442586e-03   1.1320162547291960e-02   1.1378172401455373e-01   6.3256755441752688e-02   5.0000000000000000e+00  -3.5321153390000981e-01  -2.0595367982285426e-02  -6.0260420400177525e-02   1.3299802835067950e-01   9.0223308920878348e-02   1.6071316379749481e-01
  -7.3259464720960817e-03   1.8407681654331980e-02   6.4484487878250327e-02   6.5213966574315677e-02   5.0000000000000000e+00  -3.3187174689538335e-01  -2.0858881268707948e-03  -3.2365634434846607e-02   1.3600539813510099e-01   8.3679280784269464e-02   1.5968622468597576e-01
  -1.1145471591561438e-02   2.6771348922663203e-02   1.6605747736267242e-02   6.1293161056553691e-02   5.0000000000000000e+00  -2.9412550594729320e-01   1.1614468172107310e-02  -3.0351347207038228e-02   1.3637464180869716e-01   8.8431608835743913e-02   1.6253674159933337e-01
  -1.6471352414662882e-02   2.0334344931174551e-02  -1.0112675112468727e-02   5.0173411603987868e-02   5.0000000000000000e+00  -2.5482786567607518e-01   2.8591178369700980e-02  -2.5949459194201129e-03   1.4203270744924232e-01   7.4258351149258037e-02   1.6027349344407690e-01
  -1.1666872420531717e-02   1.2546151569474971e-02  -2.0567865136159078e-01   4.4366101523143499e-02   5.0000000000000000e+00  -1.4507434594919658e-01   3.2867575193110989e-02  -1.5189558731728168e-03   1.5066240282422730e-01   6.2240954135983267e-02   1.6301256392231644e-01
  -1.0285193832383808e-03   1.6133567376719359e-03  -3.4539605240878257e-01   2.5991131164012093e-02   5.0000000000000000e+00  -5.1459432216875170e-02  -2.4036132432426711e-02  -7.5239697013793544e-02   1.5789440448258663e-01   7.4903416266416167e-02   1.7476030652093366e-01
   5.0143919571717091e-03  -7.0767072973889752e-03  -3.5246450517775207e-01   1.1394457489183954e-02   5.0000000000000000e+00  -2.2201137398635763e-03  -4.9262118763525549e-02  -9.9199860099157267e-02   1.6168016359570300e-01   6.5820117780185872e-02   1.7456449583157174e-01
   1.0657840210822778e-02  -1.1461859177454034e-02  -3.4139005081102042e-01   4.3490179931577697e-03   5.0000000000000000e+00   3.1532153432876089e-02  -8.8554074768335614e-02  -1.5545169906339396e-01   1.5915510229483706e-01   3.5448313545876756e-02   1.6305498925125486e-01
   1.7462312631908835e-02  -7.0857872749670947e-03  -2.9043097577874449e-01   1.2094098606906703e-02   5.0000000000000000e+00  -1.3440577769044247e-02  -1.0563714654554464e-01  -1.6696808102485153e-01   1.5858373130989084e-01   5.6066082659896113e-02   1.6820286995468881e-01
   1.4610544842636276e-02  -2.9130084983261858e-03  -2.3120246582190687e-01  -2.4103562992437533e-03   5.0000000000000000e+00   7.6954816516521122e-03  -1.0784295551554635e-01  -1.6871949614608209e-01   1.6029586520714623e-01   6.7647959368234645e-02   1.7398566265412194e-01
   1.9155964490293713e-02  -2.9728695035572193e-03  -2.1210305037834715e-01  -4.6577632783433272e-03   5.0000000000000000e+00   9.6387128180097890e-03  -8.8436905790332657e-02  -1.5070460267265920e-01   1.6839434986070434e-01   5.2741075399827662e-02   1.7646041510588034e-01
   1.7477335177573088e-02   8.3253901178416000e-05  -2.4904997832536876e-01  -1.1661565219275688e-02   5.0000000000000000e+00   5.7319524905952449e-02  -9.1523873952155360e-02  -1.5384815516916836e-01   1.6581825069118999e-01   5.0998846051239041e-02   1.7348364349656803e-01
   1.2275584456240874e-02   3.2396930211587073e-03  -2.6867162939836869e-01  -6.9307222875688917e-03   5.0000000000000000e+00   5.6908944915017773e-02  -9.9426852048288217e-02  -1.5650015885462321e-01   1.6920433210620306e-01   4.8690214154649310e-02   1.7607056243998279e-01
   1.5936308965291902e-02   2.3870590769596682e-03  -2.6566696367966686e-01  -6.2430811953634252e-03   5.0000000000000000e+00   5.5080168929647941e-02  -1.0183195698028863e-01  -1.5071373762909640e-01   1.7151181780244945e-01   5.5787232071561409e-02   1.8035664364837484e-01
   1.8605433023754270e-02  -2.9009771184660160e-03  -2.7853225297293177e-01  -5.0304693609698669e-03   5.0000000000000000e+00   5.8377196401363504e-02  -9.6311201156140031e-02  -1.4955790124370019e-01   1.6977516015533795e-01   6.1330932135592382e-02   1.8051340183596143e-01
   1.6906851357212375e-02  -3.7045618223917574e-03  -2.8143229491532079e-01  -4.2296200129925843e-03   5.0000000000000000e+00   5.5570221786486740e-02  -8.9799306479295085e-02  -1.4038860043414109e-01   1.6917139628286093e-01   7.2811994171238612e-02   1.8417531814954266e-01
   1.7985692062525652e-02  -1.8946747061362116e-03  -2.7270933728637120e-01  -4.8846505473767836e-03   5.0000000000000000e+00   5.2032658477723641e-02  -8.0132885443760293e-02  -1.3476951634228584e-01   1.7006896168884783e-01   8.4506409969465637e-02   1.8990730648358475e-01
   1.4847941671200243e-02   9.8908713890688484e-07  -2.5194102626474346e-01  -8.4662747672987332e-04   5.0000000000000000e+00   2.6929994506716248e-02  -7.9151489128867575e-02  -1.3339275703225895e-01   1.7035398328494136e-01   8.6791927735039492e-02   1.9118922129924165e-01
   1.5576353417463528e-02  -2.4998652769530672e-03  -2.3718751247007630e-01  -1.9065092194598579e-03   5.0000000000000000e+00   2.4264667667155484e-02  -8.4145238787455612e-02  -1.3018527131351604e-01   1.6969163058923686e-01   8.7727719655333852e-02   1.9102722917939965e-01
   2.5173539237930146e-02  -1.0569961914720394e-02  -2.1897203547363334e-01  -1.0211032113589997e-03   5.0000000000000000e+00   2.0404228434748418e-02  -9.9651126429640274e-02  -1.3777476667836425e-01   1.7083528676781010e-01   9.3662118226550933e-02   1.9482630108823684e-01
   2.6653324415258525e-02  -6.5312803295349345e-03  -2.2769343453352570e-01   8.1190039551787198e-04   5.0000000000000000e+00   1.9992772651055001e-02  -9.0245902628034821e-02  -1.3151839263003917e-01   1.6666300814511142e-01   9.3290125923333939e-02   1.9099635043311425e-01
   2.7818453821066767e-02  -8.6550044300537712e-03  -2.4661869349101584e-01   4.2464583221075705e-03   5.0000000000000000e+00   2.7025255011856195e-02  -9.4043591839845453e-02  -1.4901145554397358e-01   1.6467208555290588e-01   8.8614832695712617e-02   1.8700129500629853e-01
   2.7299777789510656e-02  -1.0748596748471777e-02  -2.8344302912817049e-01   8.3205048975268595e-03   5.0000000000000000e+00   3.5939558086285461e-02  -8.8649840514876663e-02  -1.4490902328529989e-01   1.6495438073189791e-01   8.5881071437237222e-02   1.8597178859668950e-01
   2.7243477592851513e-02  -1.6595860750971799e-02  -2.6975537542470629e-01   8.1788515272116415e-03   5.0000000000000000e+00   3.0881313686799236e-02  -8.4775914901581706e-02  -1.4228401465701621e-01   1.6687129532606873e-01   9.2948377060904919e-02   1.9101159651198196e-01
   3.2992374518049768e-02  -2.5114870984262926e-02  -3.0127776364810793e-01   1.5680569581689129e-02   5.0000000000000000e+00   2.5754210552741505e-02  -7.7993322295861492e-02  -1.3087163048226994e-01   1.6640564761265050e-01   9.1127867067545471e-02   1.8972381957378429e-01
   3.7802505930967914e-02  -2.9399590614875577e-02  -2.9639002225403255e-01   1.9148450916175591e-02   5.0000000000000000e+00   8.7539329145278812e-03  -6.8895650354011448e-02  -1.2010595127568262e-01   1.6821289436077008e-01   9.2709807774987482e-02   1.9206948296619825e-01
   4.2807917318560103e-02  -3.0257580235763814e-02  -3.0065805586241245e-01   2.0666887666637383e-02   5.0000000000000000e+00   1.0085169936263075e-02  -7.2062607245426111e-02  -1.3255351747218286e-01   1.6778599403808678e-01   8.7444371573095023e-02   1.8920533268161974e-01
   4.4518043260981084e-02  -2.9045291061156522e-02  -3.1984368302529176e-01   2.3173531232378003e-02   5.0000000000000000e+00   1.5690789667170926e-02  -7.1790132457627817e-02  -1.3506105529287743e-01   1.6697653483236827e-01   8.9840232692267055e-02   1.8961126178269522e-01
   4.4900151746689008e-02  -2.6309064160256489e-02  -3.3846172110021777e-01   2.5448226935309348e-02   5.0000000000000000e+00   1.9256782500307257e-02  -6.5409675906275000e-02  -1.3316376833697227e-01   1.6616813521006679e-01   8.7228772902021204e-02   1.8767180923405474e-01
   3.8657043506388107e-02  -2.4560212934742510e-02  -3.6079407198470870e-01   2.6943741098217278e-02   5.0000000000000000e+00   3.6964765435098600e-02  -6.9186877727670529e-02  -1.3135955438032376e-01   1.6551059978007021e-01   8.5033089406431700e-02   1.8607628794008330e-01
   3.6865861796217238e-02  -2.2850092963501885e-02  -3.3033855912161919e-01   2.4280873386003252e-02   5.0000000000000000e+00   2.9965631149886058e-02  -7.0388727051866093e-02  -1.1950212943988717e-01   1.6577507439978689e-01   7.7586996100038788e-02   1.8303310426281447e-01
   4.0814474342424641e-02  -2.5569792876927875e-02  -3.3681334791728534e-01   2.4659977569837545e-02   5.0000000000000000e+00   3.4154002999621347e-02  -7.1803052284071828e-02  -1.1651765619911632e-01   1.6528100226560638e-01   7.6174987081677040e-02   1.8199021503041599e-01
   4.4831742049106400e-02  -3.0338875819287962e-02  -3.5318202152361999e-01   2.3144833487990367e-02   5.0000000000000000e+00   4.9739859642489274e-02  -7.1168074280110932e-02  -1.0787400253011435e-01   1.6218881958005796e-01   8.2565284393149599e-02   1.8199516307774299e-01
   4.6210095190427812e-02  -3.3749901018290222e-02  -3.5818805741824117e-01   1.7392886810550984e-02   5.0000000000000000e+00   6.9860088628461256e-02  -6.5201533912399467e-02  -9.5543494756114136e-02   1.6153583415271586e-01   9.1706764603114929e-02   1.8575240614695912e-01
   4.7028763356080645e-02  -3.7887792774614570e-02  -3.4990205295580762e-01   1.2449291169334563e-02   5.0000000000000000e+00   8.2493638950040526e-02  -6.2947603680892333e-02  -1.0097756910007542e-01   1.6516452068778237e-01   8.6921311868991921e-02   1.8664038510207656e-01
   4.5411037906942661e-02  -3.8515556421697128e-02  -3.5644764305579291e-01   6.4677461366766569e-03   5.0000000000000000e+00   1.0790338481748300e-01  -6.0498345974239615e-02  -1.0728765361168399e-01   1.6838177756400238e-01   8.8867932639554531e-02   1.9039415029680293e-01
   4.5418363551538471e-02  -4.0697695290380011e-02  -3.7313495674520741e-01   8.4627001645231573e-03   5.0000000000000000e+00   1.1212735827858653e-01  -6.0618720056121858e-02  -1.1475698913742824e-01   1.7099859419524563e-01   9.1114525655234674e-02   1.9375855078454915e-01
   4.5291565149385829e-02  -4.6116104487284176e-02  -3.6982498690307664e-01   1.0563828989647892e-02   5.0000000000000000e+00   1.0371374570824400e-01  -5.8683022594586860e-02  -1.1863134080858745e-01   1.7275074974703133e-01   9.1358361077786068e-02   1.9542049963343300e-01
   4.4481936525568963e-02  -4.8984327765976408e-02  -3.6169676007370938e-01   1.0425694107986385e-02   5.0000000000000000e+00   9.8908323216944816e-02  -5.5852929901540421e-02  -1.1523413386994663e-01   1.7292892047106251e-01   9.0629698523984281e-02   1.9523870976278074e-01
   4.2916884272169505e-02  -5.2817333962182980e-02  -3.4103555565349425e-01   8.1358507621805513e-03   5.0000000000000000e+00   9.4149670757277176e-02  -5.4141911661889384e-02  -1.1173058919513307e-01   1.7463165441641970e-01   8.7816317440133226e-02   1.9546846378114829e-01
   4.3405820731175271e-02  -5.3419672462135637e-02  -3.2036661077884576e-01   1.8856499816074046e-03   5.0000000000000000e+00   1.0217478245110884e-01  -5.6128108716873369e-02  -1.0232247227841448e-01   1.7514739395967588e-01   8.7751265600737260e-02   1.9590021497026755e-01
   4.6004936935015332e-02  -5.6688918452606152e-02  -3.0398039891590678e-01  -3.1178302015019560e-03   5.0000000000000000e+00   1.0948993778394993e-01  -5.8990010072574657e-02  -1.0107807886419726e-01   1.7607289333641465e-01   8.7746227815319919e-02   1.9672586068861020e-01
   5.0260076738384514e-02  -5.8848200002910460e-02  -3.0330558501830462e-01  -4.2972728406208225e-03   5.0000000000000000e+00   1.1275364623007542e-01  -5.9402717414611658e-02  -9.6213673136171893e-02   1.7794985513519676e-01   8.6635013599678956e-02   1.9791861085823656e-01
   5.1735471132736015e-02  -5.9421634948891355e-02  -3.0776117751902676e-01  -4.6187676207573294e-03   5.0000000000000000e+00   1.1515893855628202e-01  -5.6603397887745328e-02  -8.9588195317649250e-02   1.8117256715409624e-01   8.2983242595659659e-02   1.9927297268043054e-01
   5.2729077667061530e-02  -5.7438370875440160e-02  -3.0469900303041103e-01  -5.9989105726887737e-03   5.0000000000000000e+00   1.1568797119391840e-01  -5.5572466337315364e-02  -8.0362096541167202e-02   1.8404161537039374e-01   7.9571847801882173e-02   2.0050684564560345e-01
   5.3393101781104298e-02  -5.5474507240520873e-02  -3.2007938150541393e-01  -4.7733329680629440e-03   5.0000000000000000e+00   1.1905309250632028e-01  -5.3924503061748869e-02  -7.6137786009462236e-02   1.8604103333762037e-01   7.7749218241276397e-02   2.0163384394108844e-01
   5.5536186897323030e-02  -5.4730783178939937e-02  -3.2331647384150325e-01  -2.4921798597760522e-03   5.0000000000000000e+00   1.1279681131366610e-01  -5.6120968349067060e-02  -7.3406264802407778e-02   1.8825732256435590e-01   7.7554213927114118e-02   2.0360617769840023e-01
   5.2010462720629827e-02  -5.0980539115154301e-02  -3.2786854869152005e-01   3.4453543316305328e-03   5.0000000000000000e+00   9.0910085273022953e-02  -4.8995188649548875e-02  -7.5272651760625711e-02   1.9036496022911356e-01   7.3632181647372272e-02   2.0410907931099884e-01
   4.8837908531162294e-02  -4.7857106383238049e-02  -3.2164798167280145e-01   5.6394139250932436e-03   5.0000000000000000e+00   7.6381831004462469e-02  -4.8167050167849904e-02  -7.9138257842925247e-02   1.9569571488670856e-01   6.8863348413282233e-02   2.0745836589472363e-01
   4.8399540752756737e-02  -4.4157185144807161e-02  -3.0498813128888641e-01   3.4719437426098915e-03   5.0000000000000000e+00   7.1975436199409326e-02  -4.9600512388801331e-02  -8.1743832080346052e-02   2.0248016374036693e-01   5.5033433077249984e-02   2.0982586938839060e-01
   4.7277345204261016e-02  -4.3316099476556666e-02  -2.9863795984827735e-01   1.8636827710328491e-03   5.0000000000000000e+00   7.0075909766655772e-02  -4.7053527458190934e-02  -7.9701421911158810e-02   2.0499621519082059e-01   4.6551746902079021e-02   2.1021539758589627e-01
   4.5587131616321608e-02  -4.4595073199438534e-02  -2.9601679017140975e-01   1.5123737737090547e-03   5.0000000000000000e+00   6.8531367952468114e-02  -4.7729273193565715e-02  -8.2659941493526609e-02   2.0673948449708932e-01   4.3705670002031904e-02   2.1130877890056707e-01
   4.2534218313549373e-02  -4.3512368336012366e-02  -3.0513569244775951e-01   1.5628464332776016e-03   5.0000000000000000e+00   7.3669297422217311e-02  -5.4213238318254323e-02  -8.9451886714152218e-02   2.0894754986124514e-01   4.0057986609569322e-02   2.1275272238970280e-01
   4.0300679248014677e-02  -4.0468467472292616e-02  -3.2086673428149293e-01   2.4833192607708653e-03   5.0000000000000000e+00   7.8837936521885948e-02  -5.7293590745627947e-02  -9.1196832287346263e-02   2.0742388151400307e-01   4.0648369546204571e-02   2.1136924224943421e-01
   3.9199567002418327e-02  -3.9083124427068482e-02  -3.5048162636688390e-01   5.6160755040249111e-03   5.0000000000000000e+00   8.3279235637656754e-02  -5.9853921570333056e-02  -9.1615774831004457e-02   2.0273144058982742e-01   4.2506097363247460e-02   2.0713957930989577e-01
   3.7952298007396544e-02  -3.7512929321474729e-02  -3.6737682004947314e-01   7.1662327960485880e-03   5.0000000000000000e+00   8.6119869274388874e-02  -6.1065464976944810e-02  -9.3540978073997222e-02   1.9930345245983999e-01   4.2463336174185247e-02   2.0377684137667254e-01
