  -4.3661566044924027e-03   1.6860275273969542e-02  -2.0590238093268345e-01   3.2705972653596094e-02   5.0000000000000000e+00  -1.2863562362289965e-01  -2.4303230178186083e-02  -6.5911550304209629e-02   1.2637066903932651e-01   6.3262117023496697e-02   1.4132105803361927e-01
  -1.7267727880531748e-02   2.9175611537471249e-02  -1.2138670463034652e-01   5.8239349937848961e-02   5.0000000000000000e+00  -1.9508900925857764e-01   1.0509209305301704e-02  -1.4562821339176706e-02   1.3578403160969124e-01   8.8299930981191863e-02   1.6196969176813567e-01
  -4.4168463390583806e-03   1.6890959051960090e-02  -2.0606363112012646e-01   3.2726503296439301e-02   5.0000000000000000e+00  -1.2862556435923267e-01  -2.4309030419114093e-02  -6.5870709180993220e-02   1.2636059804356994e-01   6.3314475750921403e-02   1.4133550006117596e-01
  -4.4168463390583806e-03   1.6890959051960090e-02  -2.0606363112012646e-01   3.2726503296439301e-02   5.0000000000000000e+00  -1.2862556435923267e-01  -2.4309030419114093e-02  -6.5870709180993220e-02   1.2636059804356994e-01   6.3314475750921403e-02   1.4133550006117596e-01
  -4.4943124717789842e-03   1.7044069048178619e-02  -1.8204316041804938e-01   3.5936331469458210e-02   5.0000000000000000e+00  -1.4750111369081781e-01  -2.5492237232608073e-02  -6.6154561939927303e-02   1.2468496369276282e-01   6.5212099005975646e-02   1.4070877025910911e-01
  -6.2324134020570960e-03   1.7651589654435602e-02  -8.2991546083399995e-02   4.3331390542676596e-02   5.0000000000000000e+00  -2.1205919336950063e-01  -2.9473067809975117e-02  -6.9999897806170303e-02   1.2691090427456184e-01   7.7460402916233975e-02   1.4868251963069604e-01
  -1.1194339708502674e-02   2.1997715852476070e-02  -4.4752192748426664e-02   5.2103769435333479e-02   5.0000000000000000e+00  -2.4370811382382163e-01  -3.3921049980406445e-02  -7.7855808369081209e-02   1.3052333938947966e-01   8.5044490437825956e-02   1.5578481145224254e-01
  -5.2819541903743042e-03   1.1553123437898974e-02  -5.8907909608783213e-02   5.9006710357669842e-02   5.0000000000000000e+00  -2.5562447703038116e-01  -1.8287816265412156e-02  -6.1890359612493256e-02   1.3378155933967731e-01   8.9360387664953592e-02   1.6088127455669413e-01
  -6.3633205480706882e-03   1.9280995048672856e-02  -9.7771151156757857e-02   5.8954427153111222e-02   5.0000000000000000e+00  -2.3203291280373983e-01  -6.7623764599095842e-04  -3.4828528144801918e-02   1.3731293168279579e-01   8.2085827082253579e-02   1.5997788664406645e-01
  -1.0577252470304816e-02   2.7847592338079926e-02  -1.2822773091888490e-01   5.4090912123158856e-02   5.0000000000000000e+00  -1.9898639278005550e-01   1.2244191254441133e-02  -3.3294989333251146e-02   1.3783949577296578e-01   8.4506714005142744e-02   1.6168213045012872e-01
  -1.6040062926050314e-02   2.1691095005208969e-02  -1.3533906217592548e-01   4.2265591276922539e-02   5.0000000000000000e+00  -1.6660232996097085e-01   2.8597030656530853e-02  -5.8080919503360265e-03   1.4339840386653954e-01   6.9661964604454132e-02   1.5942362291713044e-01
  -1.1401535962186958e-02   1.3547122961813759e-02  -2.7630652760829927e-01   3.9419571983687132e-02   5.0000000000000000e+00  -9.3654528549206681e-02   3.2759872425923368e-02  -3.4845619690572907e-03   1.5111452706983966e-01   6.0793593311024123e-02   1.6288480984796433e-01
  -9.1215474880293468e-04   1.8341840774574090e-03  -3.7024639593614167e-01   2.4687822509075016e-02   5.0000000000000000e+00  -3.4951434197062890e-02  -2.3913176692657884e-02  -7.5739013741225714e-02   1.5793197349748386e-01   7.4701006460881875e-02   1.7470760893297882e-01
   4.9951050513037751e-03  -7.0180750059006735e-03  -3.5368483702940368e-01   1.1012889600986918e-02   5.0000000000000000e+00  -2.4162229695054053e-04  -4.9374696364768850e-02  -9.9366162706992583e-02   1.6168053967009915e-01   6.5838297827028672e-02   1.7457169979345172e-01
   1.0510151992066473e-02  -1.1609878674301737e-02  -3.2667928411450703e-01   4.5291771470358155e-03   5.0000000000000000e+00   2.3972447353266309e-02  -8.8867333642579205e-02  -1.5543790317271183e-01   1.5915272718197718e-01   3.5299169380711037e-02   1.6302031139839288e-01
   1.7451565510789642e-02  -6.9240258727440518e-03  -2.9707894543748581e-01   1.1187017869151697e-02   5.0000000000000000e+00  -6.9940064581442861e-03  -1.0580377436071095e-01  -1.6734255404015816e-01   1.5859115846655036e-01   5.6030417745789249e-02   1.6819798826540744e-01
   1.4257194967346338e-02  -2.3483447520569432e-03  -2.2912574007913089e-01  -6.1829940576150089e-03   5.0000000000000000e+00   2.0555255508948725e-02  -1.0928831266637598e-01  -1.7039715885218989e-01   1.6024130635457878e-01   6.7209553343012138e-02   1.7376535996218914e-01
   1.8711591858669746e-02  -2.3692875631130222e-03  -2.0931727370582368e-01  -9.3206960370527878e-03   5.0000000000000000e+00   2.5363372982853970e-02  -9.0211638854874848e-02  -1.5276218505217110e-01   1.6831547684222758e-01   5.2337508507830824e-02   1.7626489877861024e-01
   1.6921496032709479e-02   3.7638237741719995e-04  -2.2336931726859655e-01  -1.5126772112092519e-02   5.0000000000000000e+00   5.7875697941705037e-02  -9.3424388982181306e-02  -1.5545764295845244e-01   1.6561409539217825e-01   5.0842714274162842e-02   1.7324263386168451e-01
   1.1693528518011498e-02   3.5806975183806612e-03  -2.4333257248154125e-01  -1.0862142447485495e-02   5.0000000000000000e+00   5.9311018572719434e-02  -1.0148596471285763e-01  -1.5830959470646633e-01   1.6897841338979749e-01   4.8581881820180126e-02   1.7582350079816758e-01
   1.5358565864183662e-02   2.7475881932123220e-03  -2.4103652377621765e-01  -1.0074293896557047e-02   5.0000000000000000e+00   5.7457713655325621e-02  -1.0382980226084398e-01  -1.5247104730013220e-01   1.7130225207397831e-01   5.5684722645814588e-02   1.8012565031598943e-01
   1.8023757842287911e-02  -2.5947197077229723e-03  -2.5214800145780442e-01  -8.3889546523405450e-03   5.0000000000000000e+00   5.8239024652068511e-02  -9.8181190959037531e-02  -1.5111653765815578e-01   1.6957927465926448e-01   6.1506277974003279e-02   1.8038889274059428e-01
   1.6392417902555384e-02  -3.3778682605024014e-03  -2.5610594489104965e-01  -7.0916207401584691e-03   5.0000000000000000e+00   5.4113179319811813e-02  -9.1455984867743659e-02  -1.4172076088818056e-01   1.6901257066099137e-01   7.2883071487829784e-02   1.8405757564125610e-01
   1.7447079133583628e-02  -1.3610620564401396e-03  -2.4937929140395015e-01  -8.4462056784303744e-03   5.0000000000000000e+00   5.4107783359742596e-02  -8.2004285569694926e-02  -1.3641006238941497e-01   1.6988281714089160e-01   8.4747221911135900e-02   1.8984800020379705e-01
   1.4417283955355150e-02   6.0094278853788238e-04  -2.4074733833181752e-01  -4.5937092539409252e-03   5.0000000000000000e+00   3.5435445692175362e-02  -8.0811864934459701e-02  -1.3509139270259421e-01   1.7024203397048232e-01   8.7106184446429105e-02   1.9123241749039879e-01
   1.5176006813600729e-02  -1.9038508879435910e-03  -2.2720393785901910e-01  -5.5281282747517832e-03   5.0000000000000000e+00   3.2879276756535770e-02  -8.5729811039046200e-02  -1.3182450197684575e-01   1.6959223289147463e-01   8.8163794657308531e-02   1.9113968752065133e-01
   2.4775277830930531e-02  -9.8861699156785488e-03  -2.1105250983383739e-01  -5.0426801490095320e-03   5.0000000000000000e+00   3.1480449132644556e-02  -1.0134034553839782e-01  -1.3959129018115105e-01   1.7073567056085814e-01   9.4085160815800428e-02   1.9494277798267090e-01
   2.6192899577415798e-02  -5.7902182581697874e-03  -2.2027779786173804e-01  -3.7469208295423605e-03   5.0000000000000000e+00   3.3314292034430343e-02  -9.2130872230799854e-02  -1.3358049933765567e-01   1.6654361426376685e-01   9.3400549236416497e-02   1.9094616531814046e-01
   2.7367041570100042e-02  -8.0303337889111419e-03  -2.3560583357363543e-01   3.3416331882434578e-04   5.0000000000000000e+00   3.6282405492513901e-02  -9.5777017938138101e-02  -1.5079859385360522e-01   1.6454837313849988e-01   8.8992358822539253e-02   1.8707166282290477e-01
   2.6785357263774814e-02  -1.0113909422531672e-02  -2.6815479744244974e-01   4.2342574428057382e-03   5.0000000000000000e+00   4.3793134770945062e-02  -9.0540118904652966e-02  -1.4677612514211813e-01   1.6479183298087449e-01   8.6218417790456581e-02   1.8598377290367607e-01
   2.6831262031167397e-02  -1.6012025200170112e-02  -2.5652440726835390e-01   4.7329425558424506e-03   5.0000000000000000e+00   3.7324490090429194e-02  -8.6371750426915250e-02  -1.4385346028050019e-01   1.6675575756830335e-01   9.3213190681004962e-02   1.9103973827220386e-01
   3.2683779749222035e-02  -2.4720489299084995e-02  -2.9002175344004200e-01   1.3277417049965533e-02   5.0000000000000000e+00   2.9285862605462131e-02  -7.9152750113205231e-02  -1.3196995584424426e-01   1.6634009887411130e-01   9.1272029543459157e-02   1.8973563679612537e-01
   3.7552878300493524e-02  -2.8977717569110596e-02  -2.9339836563311977e-01   1.6534451359260079e-02   5.0000000000000000e+00   1.6979890433023087e-02  -6.9943770767817340e-02  -1.2128242743370828e-01   1.6818013336260840e-01   9.2902102157318298e-02   1.9213369783334092e-01
   4.2549450486761155e-02  -2.9874735211784929e-02  -2.9698894622809813e-01   1.8151925014071913e-02   5.0000000000000000e+00   1.7628376438240882e-02  -7.3090105098459521e-02  -1.3368784570059489e-01   1.6775202869284964e-01   8.7537205425351858e-02   1.8921814253460711e-01
   4.4231203192949174e-02  -2.8658698358858720e-02  -3.1347945803315452e-01   2.0653631926278587e-02   5.0000000000000000e+00   2.1977156752133294e-02  -7.2881426830161883e-02  -1.3620288644946710e-01   1.6693013804016238e-01   8.9832484480174654e-02   1.8956673298337051e-01
   4.4624792865544105e-02  -2.5990661411874838e-02  -3.3021893415971143e-01   2.3272693486258673e-02   5.0000000000000000e+00   2.3377824155782077e-02  -6.6414408703647190e-02  -1.3415423656065631e-01   1.6612237712427272e-01   8.7087196362980915e-02   1.8756551909075261e-01
   3.8307158780473395e-02  -2.4282955371789722e-02  -3.4403260574008793e-01   2.4843595918270775e-02   5.0000000000000000e+00   3.6767141008931206e-02  -7.0360713047048856e-02  -1.3233390130398770e-01   1.6543116407713512e-01   8.4510518891988254e-02   1.8576732180690206e-01
   3.6560234273939833e-02  -2.2616777202630240e-02  -3.1694510195746961e-01   2.2372503027269883e-02   5.0000000000000000e+00   3.0664573197737459e-02  -7.1420281681752573e-02  -1.2039020434975505e-01   1.6571591844355710e-01   7.6838392373831998e-02   1.8266336296090313e-01
   4.0459177673618493e-02  -2.5294593623635193e-02  -3.2148830990834554e-01   2.2401037920603790e-02   5.0000000000000000e+00   3.5213606076241126e-02  -7.3003270361440831e-02  -1.1755992181713468e-01   1.6520141127104021e-01   7.5267917942816537e-02   1.8153998390820117e-01
   4.4443712071647830e-02  -3.0134245705237227e-02  -3.3005222852607136e-01   2.1341445238458864e-02   5.0000000000000000e+00   4.5431328528819655e-02  -7.2371251487604107e-02  -1.0872293905619027e-01   1.6209518572230791e-01   8.1292935139329559e-02   1.8133778022771960e-01
   4.5767454242289132e-02  -3.3604056641975973e-02  -3.2506833893513343e-01   1.5871917877950909e-02   5.0000000000000000e+00   5.9781900494499038e-02  -6.6516539455246090e-02  -9.6275492477070124e-02   1.6141959438583342e-01   9.0063748199381274e-02   1.8484524389718157e-01
   4.6454500544979779e-02  -3.7806572933346362e-02  -3.1085333900127426e-01   1.0648040173775550e-02   5.0000000000000000e+00   7.0642568185705801e-02  -6.4505039203616624e-02  -1.0184761941387892e-01   1.6500502481007337e-01   8.5158964023669390e-02   1.8568442951997227e-01
   4.4718810999757330e-02  -3.8572908377479176e-02  -3.0478280047948497e-01   5.0589425772118741e-03   5.0000000000000000e+00   8.8601248202660729e-02  -6.2181686637375125e-02  -1.0799120643536049e-01   1.6820591262001602e-01   8.6891441587115120e-02   1.8932340494883221e-01
   4.4666356372843573e-02  -4.0758466094455992e-02  -3.1942198474740785e-01   6.8975094344290392e-03   5.0000000000000000e+00   9.2431360452561603e-02  -6.2401631802786149e-02  -1.1552943666311981e-01   1.7080281593495233e-01   8.9048981571339253e-02   1.9262222885794342e-01
   4.4554220267854668e-02  -4.6155426974319923e-02  -3.2023046886683609e-01   8.9295831348399374e-03   5.0000000000000000e+00   8.6224699455047696e-02  -6.0400019663219617e-02  -1.1942916969616510e-01   1.7256867035293244e-01   8.9310682364906357e-02   1.9430991732761418e-01
   4.3755637557438727e-02  -4.9014725646463413e-02  -3.1443030861692700e-01   8.8047716922183134e-03   5.0000000000000000e+00   8.2471459722013710e-02  -5.7512887315974141e-02  -1.1602264500437670e-01   1.7275832267832320e-01   8.8621947960697681e-02   1.9416304415355731e-01
   4.2194329488421174e-02  -5.2871968584293098e-02  -2.9604859222772351e-01   6.5840319656360899e-03   5.0000000000000000e+00   7.8536558736154255e-02  -5.5725072585505186e-02  -1.1248492994162491e-01   1.7447792683107202e-01   8.5918236430565689e-02   1.9448519301635153e-01
   4.2644513943170537e-02  -5.3548776212313721e-02  -2.7132615013812261e-01   5.8920548081390300e-04   5.0000000000000000e+00   8.3693836186923887e-02  -5.7703130458405055e-02  -1.0296540239565589e-01   1.7500019022370869e-01   8.5920509940625903e-02   1.9495486812796295e-01
   4.5174079252081077e-02  -5.6821298371334879e-02  -2.5145512741800768e-01  -4.6387082148312596e-03   5.0000000000000000e+00   9.0184598171705446e-02  -6.0724224002683007e-02  -1.0182405483298031e-01   1.7589328059490705e-01   8.5847774959305928e-02   1.9572502809784531e-01
   4.9410134489677487e-02  -5.9030982752607333e-02  -2.4912211466404358e-01  -5.7555468526269762e-03   5.0000000000000000e+00   9.2420080016991327e-02  -6.1146475902520855e-02  -9.6930125497200731e-02   1.7777198072821815e-01   8.4504992688307592e-02   1.9683488237933053e-01
   5.0909878735318256e-02  -5.9696996251183063e-02  -2.5223367654874973e-01  -5.6132142969530889e-03   5.0000000000000000e+00   9.2458088264336769e-02  -5.8204357563191964e-02  -9.0098892973211428e-02   1.8103515293616271e-01   8.0494453076061290e-02   1.9812390964907303e-01
   5.1951364476139898e-02  -5.7773457467269841e-02  -2.4884065498257213e-01  -6.5322824491338000e-03   5.0000000000000000e+00   9.1129012567656875e-02  -5.7017512406772740e-02  -8.0674645227464162e-02   1.8394451077706472e-01   7.6897783775657980e-02   1.9937114183005908e-01
   5.2640328892237458e-02  -5.5867513009999398e-02  -2.6249682545178160e-01  -4.9071318392702699e-03   5.0000000000000000e+00   9.2205789942404637e-02  -5.5265056658208800e-02  -7.6279490915937095e-02   1.8597466086277573e-01   7.4889537578772966e-02   2.0048695050248755e-01
   5.4829286265231425e-02  -5.5097785160586214e-02  -2.6865321252240348e-01  -2.3591456222247544e-03   5.0000000000000000e+00   8.6341031510335481e-02  -5.7296184698933925e-02  -7.3423996370355293e-02   1.8821957571264297e-01   7.4525493678131688e-02   2.0243679974109596e-01
   5.1408984635348876e-02  -5.1223812255397724e-02  -2.8381897683625934e-01   3.3786409182754423e-03   5.0000000000000000e+00   7.0203132375331878e-02  -4.9999662309626658e-02  -7.5357298459533942e-02   1.9033056050055303e-01   7.0714254821246519e-02   2.0304242929835839e-01
   4.8247498755089803e-02  -4.7925693260700640e-02  -2.8504807851105290e-01   4.8159905575615603e-03   5.0000000000000000e+00   6.1994488107057266e-02  -4.9291251381721149e-02  -7.9553528857008352e-02   1.9563028214047626e-01   6.6226080582953067e-02   2.0653595580368603e-01
   4.7745825928488798e-02  -4.4239391608549623e-02  -2.7064404425585770e-01   2.4614354534986836e-03   5.0000000000000000e+00   5.9316990569748970e-02  -5.0743541163246808e-02  -8.2237908395584300e-02   2.0241226732713391e-01   5.2200237091172275e-02   2.0903490310683936e-01
   4.6567746283213592e-02  -4.3341791860383443e-02  -2.6552213775843936e-01   3.7482704790318353e-04   5.0000000000000000e+00   5.9755857278454623e-02  -4.8352978084249348e-02  -8.0411590648721179e-02   2.0490683012957495e-01   4.3753253040254049e-02   2.0952602746521728e-01
   4.4861089751807498e-02  -4.4568529708336697e-02  -2.6397878077416592e-01  -4.8783394754386137e-04   5.0000000000000000e+00   6.0603990341261446e-02  -4.9201648310338325e-02  -8.3601982013301032e-02   2.0662670101165626e-01   4.1141449376685908e-02   2.1068272930588022e-01
   4.1783398983904971e-02  -4.3519860235896664e-02  -2.7085886765479950e-01  -6.5944909480125430e-04   5.0000000000000000e+00   6.5477481231393506e-02  -5.5826710865977396e-02  -9.0502266772786485e-02   2.0881395864609986e-01   3.7243648780232314e-02   2.1210930837641331e-01
   3.9528730815328102e-02  -4.0482869983037628e-02  -2.8422413914381300e-01   1.9852426254400430e-04   5.0000000000000000e+00   6.9755855223716440e-02  -5.8990891229657373e-02  -9.2284836299167505e-02   2.0727453641492666e-01   3.7685213588829848e-02   2.1067251545766116e-01
   3.8433850921741612e-02  -3.9103025567577110e-02  -3.1152990403955455e-01   3.7472410516329680e-03   5.0000000000000000e+00   7.1579700897725168e-02  -6.1450802037858625e-02  -9.2524336112376607e-02   2.0259484528885358e-01   3.9424903162020040e-02   2.0639523814019833e-01
   3.7217481436028224e-02  -3.7556493628810757e-02  -3.2696681620962076e-01   5.5903199183618352e-03   5.0000000000000000e+00   7.2654781575738722e-02  -6.2589604660222314e-02  -9.4324315060654348e-02   1.9917746605986342e-01   3.9320394937528355e-02   2.0302156645063904e-01
