  -1.1482950743320066e-02   1.2373242791658119e-02   3.9928466740284435e-01  -1.4945070842670843e-01   1.5382695426159141e-02   5.0000000000000000e+00  -1.6695844860377604e-01  -2.5423116178064677e-02  -6.4389877315321559e-02   1.2602353051362625e-01   5.6752497628586036e-02   1.3821279329425892e-01
  -2.3300317534450242e-02   2.5279491691933269e-02   3.7658290731103888e-01  -7.5259800669011126e-02   1.0882943500631613e-02   5.0000000000000000e+00  -2.4333592802139792e-01   8.1688380363888948e-03  -1.3214686931376656e-02   1.3557997221534940e-01   8.5182461123815445e-02   1.6011864522604868e-01
  -1.1538247568769526e-02   1.2431962727930818e-02   3.9814020001681505e-01  -1.4906686148902043e-01   1.5352364388362915e-02   5.0000000000000000e+00  -1.6700163585085229e-01  -2.5425172059315947e-02  -6.4343688737849181e-02   1.2601126452705774e-01   5.6781131943757737e-02   1.3821337031026537e-01
  -1.1538247568769526e-02   1.2431962727930818e-02   3.9814020001681505e-01  -1.4906686148902043e-01   1.5352364388362915e-02   5.0000000000000000e+00  -1.6700163585085229e-01  -2.5425172059315947e-02  -6.4343688737849181e-02   1.2601126452705774e-01   5.6781131943757737e-02   1.3821337031026537e-01
  -1.2120813006441439e-02   1.3069060208046480e-02   3.7973794775110997e-01  -1.2832195062563467e-01   1.3734757584703340e-02   5.0000000000000000e+00  -1.8750509952068597e-01  -2.7032479780861464e-02  -6.4792584989197988e-02   1.2440112558935490e-01   5.6837445398461001e-02   1.3677037415800794e-01
  -1.4425717569731402e-02   1.5500135008855564e-02   5.9793428863651199e-01  -1.5131138723561627e-01   1.6073645997552906e-02   5.0000000000000000e+00  -2.6282218143527036e-01  -3.2126300263475994e-02  -6.8697853086197497e-02   1.2675713699534291e-01   6.5832967983655108e-02   1.4283329952358131e-01
  -2.0089834239311488e-02   2.1549529716832848e-02   6.8428782961555790e-01  -1.4994741956740468e-01   1.6726425312101834e-02   5.0000000000000000e+00  -3.0943248292538916e-01  -3.6490099325150238e-02  -7.5641648421130595e-02   1.2980833800472161e-01   7.5227279501664343e-02   1.5003115741994921e-01
  -1.4048998604593268e-02   1.5077081373519586e-02   5.4420650584726771e-01  -9.5994502503694248e-02   1.2643375537534503e-02   5.0000000000000000e+00  -3.2544628273981557e-01  -2.0925021397531898e-02  -5.9482039439135367e-02   1.3294959778756016e-01   8.3330906881532371e-02   1.5690645491366070e-01
  -1.2675145603101103e-02   1.3546494500666029e-02   3.3708830253532224e-01  -3.8698831573560806e-02   7.8988630279899687e-03   5.0000000000000000e+00  -3.0430496352167036e-01  -2.4917861571588660e-03  -3.1778029638910209e-02   1.3606247143387512e-01   8.3611985275651099e-02   1.5969959365768524e-01
  -1.6340320159948903e-02   1.7425080166648489e-02   3.3387350632902779e-01  -5.7875721436760286e-02   9.3468152140995780e-03   5.0000000000000000e+00  -2.6892427187978774e-01   1.1204684013990248e-02  -2.9905396615792650e-02   1.3646464728779883e-01   9.3849550030351558e-02   1.6562106750133812e-01
  -2.0353665558976376e-02   2.1769036032508130e-02   8.3023637981272180e-01  -2.5095797654193647e-01   2.5181419849912113e-02   5.0000000000000000e+00  -2.3338022438436343e-01   2.8261273712348468e-02  -2.1710134397945704e-03   1.4207867543810956e-01   8.1634677904613692e-02   1.6386143735131126e-01
  -1.3549883515231804e-02   1.4565454285965401e-02   6.9822180256708888e-01  -2.7398179693530728e-01   2.6996602935842572e-02   5.0000000000000000e+00  -1.3609380804130777e-01   3.2889743832149411e-02  -9.6370850726981456e-04   1.5059049771909983e-01   6.5501837324959622e-02   1.6421933106742240e-01
  -1.6880949014605128e-03   1.8248987161241521e-03   2.3838448067701618e-01  -1.7694372442966136e-01   1.7393710118665948e-02   5.0000000000000000e+00  -5.2925019438418187e-02  -2.3725868711612214e-02  -7.4590693191904797e-02   1.5784133282802809e-01   6.6241509987629288e-02   1.7117775554776249e-01
  -6.6837533366464704e-04   7.0624654998628536e-04   8.5768630159092737e-02  -1.4042405910914743e-01   1.3113600788630365e-02   5.0000000000000000e+00  -5.3382137427176023e-03  -4.9050113938383155e-02  -9.8874948714951616e-02   1.6167792071281029e-01   6.5281413259316357e-02   1.7436000964427426e-01
   5.8412827047632952e-03  -6.4516054427573881e-03   4.1435382896274819e-01  -2.5503153664907885e-01   2.2529485036106637e-02   5.0000000000000000e+00   2.0352817732405139e-02  -8.7958953360803727e-02  -1.5467554601027694e-01   1.5919503235495414e-01   5.4435075596511368e-02   1.6824457132904111e-01
   4.5450425387646778e-03  -5.0160898800338735e-03  -6.9908100734819933e-01   1.5701644661006356e-01  -1.2413930674679052e-02   5.0000000000000000e+00  -1.8722983490411398e-02  -1.0523755034791762e-01  -1.6632236204427003e-01   1.5856513822332638e-01   5.8999332986316183e-02   1.6918576876502592e-01
   2.3717299275350882e-03  -2.5969859895606348e-03  -9.2714816390447674e-01   2.4246713966495556e-01  -2.1013780851469620e-02   5.0000000000000000e+00   3.5285223631881784e-03  -1.0760417987678816e-01  -1.6839025088110604e-01   1.6029936328992586e-01   6.8397363224760283e-02   1.7428162601736141e-01
   3.0576114567944955e-03  -3.4092844576185609e-03  -8.0288081734176997e-01   2.0294265115663165e-01  -1.7782954985095668e-02   5.0000000000000000e+00   5.9900807784159906e-03  -8.8239948323032849e-02  -1.5044486397902640e-01   1.6839812665328291e-01   6.2038977954027935e-02   1.7946243017945421e-01
   5.4179719799189938e-03  -5.9738759437660141e-03  -8.9838569707388871e-01   2.1801113819665294e-01  -1.9521122846224735e-02   5.0000000000000000e+00   4.8829871595327562e-02  -9.1211356702829968e-02  -1.5358726709830370e-01   1.6585362297729495e-01   6.4644117554845296e-02   1.7800642176376491e-01
   1.2538364140965877e-03  -1.4091412576756255e-03  -8.1153618892678991e-01   1.8604302239328152e-01  -1.6336064827150262e-02   5.0000000000000000e+00   4.7048453581963655e-02  -9.9023491516204210e-02  -1.5610199349307280e-01   1.6925054640321582e-01   6.3793509987533858e-02   1.8087387698149418e-01
   1.4123013999902659e-03  -1.5689297180055601e-03  -9.0419922761111737e-01   2.2123666405462614e-01  -1.9295121667673162e-02   5.0000000000000000e+00   4.3086484548461854e-02  -1.0128226236077839e-01  -1.5009023903109989e-01   1.7157339157697704e-01   7.0955756135178905e-02   1.8566676607821248e-01
   5.4876393829349033e-03  -5.9773235922674917e-03  -9.9601039779471745e-01   2.5009728319981911e-01  -2.1706022975023657e-02   5.0000000000000000e+00   4.6964436071038861e-02  -9.5813050154857526e-02  -1.4902331975310015e-01   1.6983447310638580e-01   7.8816131000304046e-02   1.8723175681806964e-01
   7.3129459375450559e-03  -7.9105724989913390e-03  -8.4732298647922821e-01   1.9791301152480145e-01  -1.7157837805566973e-02   5.0000000000000000e+00   4.4410818724724715e-02  -8.9305901728887888e-02  -1.3985101199241512e-01   1.6922765378198223e-01   8.3493180916100238e-02   1.8870376271829634e-01
   1.0030531422678743e-02  -1.0796570113916260e-02  -7.8481898827584085e-01   1.7806270569548829e-01  -1.5532795970040472e-02   5.0000000000000000e+00   4.2037555449259689e-02  -7.9700401811741789e-02  -1.3431026622641790e-01   1.7011469975946059e-01   8.6834184429380235e-02   1.9099525297704925e-01
   7.9480617184398937e-03  -8.5434889082968805e-03  -6.6942761647550775e-01   1.4769672033986445e-01  -1.2668574428924455e-02   5.0000000000000000e+00   2.0580152829874226e-02  -7.8851142086234588e-02  -1.3304069308293634e-01   1.7037057449255411e-01   8.6773671635719987e-02   1.9119571841980845e-01
   9.7578120102244526e-03  -1.0510866080477120e-02  -5.4140464718669667e-01   1.0712452672068716e-01  -9.2588419246659760e-03   5.0000000000000000e+00   1.7583621376099458e-02  -8.3812223159420746e-02  -1.2977477956121852e-01   1.6970819784891311e-01   8.6011567922506318e-02   1.9025998589722892e-01
   1.4206665475258597e-02  -1.5353503467528803e-02  -5.6416662341584978e-01   1.2295444274943088e-01  -1.0536690484201193e-02   5.0000000000000000e+00   1.2371357903672407e-02  -9.9214091716308336e-02  -1.3719488571803548e-01   1.7085264465355532e-01   8.6309358784213169e-02   1.9141559915235770e-01
   1.3152871669790973e-02  -1.4179927845705903e-02  -7.3010487284015357e-01   1.7842305172842235e-01  -1.5233601762524177e-02   5.0000000000000000e+00   1.5758039420804729e-02  -9.0054093300475660e-02  -1.3130361299660467e-01   1.6667102464624911e-01   8.9702282647829784e-02   1.8927686062712928e-01
   1.4404323014528318e-02  -1.5516733738757602e-02  -5.3865089567530899e-01   1.0757020767339277e-01  -8.8232615820769238e-03   5.0000000000000000e+00   2.4032249991392196e-02  -9.3961894890938938e-02  -1.4898658971423942e-01   1.6467570370734391e-01   9.0883944673608441e-02   1.8809034741566202e-01
   1.5960868025092112e-02  -1.7166712349059563e-02  -5.4325303540999026e-01   1.0088991562207886e-01  -7.8519122456345968e-03   5.0000000000000000e+00   3.1388959041819382e-02  -8.8504113273788224e-02  -1.4482052163763517e-01   1.6496403300037935e-01   8.9246185170044429e-02   1.8755802769051530e-01
   1.6882246476178427e-02  -1.8192457351741582e-02  -4.4225089026335734e-01   6.9818881367833208e-02  -5.2036445111923839e-03   5.0000000000000000e+00   2.7224037517094575e-02  -8.4667137851063751e-02  -1.4223254493673743e-01   1.6687711603155733e-01   8.7605336362561875e-02   1.8847457869486658e-01
   1.9609139924556866e-02  -2.1154201113799714e-02  -4.8883368248268277e-01   8.3207397555096776e-02  -5.7014885852854236e-03   5.0000000000000000e+00   2.0713930941007271e-02  -7.7773207399450428e-02  -1.3063527230164884e-01   1.6641744684716697e-01   8.6646477196812483e-02   1.8762296934476705e-01
   2.2560898980827564e-02  -2.4262779099467044e-02  -6.2191022582799804e-01   1.3501274617590669e-01  -9.9191806567994530e-03   5.0000000000000000e+00   4.1755941641034508e-03  -6.8634549725860902e-02  -1.1974714212728514e-01   1.6821709046122132e-01   8.8406964877082772e-02   1.9003363113411390e-01
   2.7000450054688301e-02  -2.8975078806999725e-02  -8.2570042835381274e-01   2.0643970341704529e-01  -1.5956020871054539e-02   5.0000000000000000e+00   5.5586494840843348e-03  -7.1810437032892568e-02  -1.3221284919641058e-01   1.6779088850748380e-01   8.7545071184664744e-02   1.8925623306739167e-01
   2.8624323170855531e-02  -3.0780619438400068e-02  -9.7292853250673228e-01   2.5430554982832809e-01  -1.9844696161607969e-02   5.0000000000000000e+00   9.9014487653680608e-03  -7.1479275053320523e-02  -1.3465283086633767e-01   1.6698636470701661e-01   8.7491837445625484e-02   1.8851861345150117e-01
   2.8972012806349642e-02  -3.1296552650552582e-02  -1.1504994765524126e+00   3.1240796693726280e-01  -2.4643177098802597e-02   5.0000000000000000e+00   1.2893357636671444e-02  -6.5076390349079499e-02  -1.3273485019949263e-01   1.6618134664382189e-01   8.4218288648792591e-02   1.8630340875916748e-01
   2.6478803160270847e-02  -2.8758913021244819e-02  -1.0626894374132962e+00   2.7464506523358651e-01  -2.1224415444289577e-02   5.0000000000000000e+00   3.1600623903580892e-02  -6.8992539102673528e-02  -1.3120207424624600e-01   1.6552470958786727e-01   8.1405090507353506e-02   1.8445925903748561e-01
   2.5642336512787023e-02  -2.7800141080576279e-02  -1.0489143188247438e+00   2.7756238575122422e-01  -2.1708818407988960e-02   5.0000000000000000e+00   2.4933665058561920e-02  -7.0186746178059534e-02  -1.1930803589489106e-01   1.6578743852611316e-01   7.5788366505384785e-02   1.8228919680168729e-01
   2.6615755087971978e-02  -2.8911522732175180e-02  -1.1210064500045134e+00   3.0148378843161383e-01  -2.3710641419502736e-02   5.0000000000000000e+00   2.7662247311102749e-02  -7.1523657184063935e-02  -1.1622291133316216e-01   1.6530093738961235e-01   7.5468853300451860e-02   1.8171391724457889e-01
   2.7858399444712318e-02  -2.9954713933761229e-02  -1.1070310996575214e+00   2.9062281580041943e-01  -2.2863336213420071e-02   5.0000000000000000e+00   4.0623897184069911e-02  -7.0783171584915192e-02  -1.0747762857365392e-01   1.6222938913236964e-01   8.4234107109518924e-02   1.8279430926262372e-01
   2.8832681522805419e-02  -3.0704055543699885e-02  -1.0920250690754549e+00   2.7926407983123785e-01  -2.2321524313261849e-02   5.0000000000000000e+00   5.7677129079559526e-02  -6.4701277287052356e-02  -9.5047091385401586e-02   1.6160961132023066e-01   9.5288246422909145e-02   1.8761001139978933e-01
   3.0461539410607703e-02  -3.2535807568489547e-02  -1.0189614836511867e+00   2.5104440501252306e-01  -2.0292874890433073e-02   5.0000000000000000e+00   7.1243011921032856e-02  -6.2560742239957626e-02  -1.0069614460726332e-01   1.6522571534545924e-01   9.4834831089594021e-02   1.9050769590546876e-01
   2.9699925529741399e-02  -3.1738092382623227e-02  -1.0543256872131193e+00   2.5578402652521964e-01  -2.1142058438959777e-02   5.0000000000000000e+00   9.4689138860697353e-02  -6.0089966489652626e-02  -1.0706550937586411e-01   1.6845950110029254e-01   9.8739385229212620e-02   1.9526410245204395e-01
   3.0186878487551045e-02  -3.2192830302036651e-02  -1.0036827105276249e+00   2.3446295678329698e-01  -1.9114116608614128e-02   5.0000000000000000e+00   9.8249637723770211e-02  -6.0184849248915269e-02  -1.1451194013057735e-01   1.7108374126417700e-01   1.0369406742454391e-01   2.0005525772644348e-01
   3.1037555568952845e-02  -3.3163923900899964e-02  -9.5072927994913825e-01   2.1849332453766282e-01  -1.7593545409201959e-02   5.0000000000000000e+00   9.1582840020691808e-02  -5.8327576359082894e-02  -1.1847324725083207e-01   1.7281176002874593e-01   1.0438338600728629e-01   2.0189055371309228e-01
   3.1179512252037404e-02  -3.3373876675221847e-02  -9.1876698458660855e-01   2.0951090474070524e-01  -1.6855533225856999e-02   5.0000000000000000e+00   8.8018349763116968e-02  -5.5558090626492841e-02  -1.1514934611276496e-01   1.7297409416689868e-01   1.0383642096486935e-01   2.0174746484566464e-01
   3.1155911527079347e-02  -3.3404747872448529e-02  -8.6992356128836246e-01   1.9672398638711031e-01  -1.5979263836888333e-02   5.0000000000000000e+00   8.4813837143871251e-02  -5.3928238615450111e-02  -1.1175000916356395e-01   1.7465736553900160e-01   1.0453904313622553e-01   2.0355246713528688e-01
   3.0409114506910379e-02  -3.2598598172021584e-02  -8.8944327982368165e-01   2.0484218516458408e-01  -1.7197814006698203e-02   5.0000000000000000e+00   9.2107834103464861e-02  -5.5900426093024660e-02  -1.0234983120125406e-01   1.7517657246474178e-01   1.0693573485319710e-01   2.0523665103749913e-01
   3.1693412300651577e-02  -3.3905842455634751e-02  -6.9764971999717773e-01   1.3804655572515931e-01  -1.1845052366138363e-02   5.0000000000000000e+00   9.9829807138210422e-02  -5.8819337165781506e-02  -1.0121698688426407e-01   1.7608727548446032e-01   1.0884840882969436e-01   2.0701377899139106e-01
   3.3216164363984231e-02  -3.5546560065460704e-02  -6.7032653681044674e-01   1.2727701278122813e-01  -1.1015654196614655e-02   5.0000000000000000e+00   1.0358335575061635e-01  -5.9277526913934890e-02  -9.6432317577190896e-02   1.7795150143025631e-01   1.0933721344966810e-01   2.0885727927515671e-01
   3.4234411069155639e-02  -3.6761056604387242e-02  -7.3192336514233514e-01   1.4654752091956993e-01  -1.2711367139100035e-02   5.0000000000000000e+00   1.0686590449295273e-01  -5.6545292422148972e-02  -8.9915780128408340e-02   1.8115548259346659e-01   1.0535336014420829e-01   2.0956297231941295e-01
   3.4612556769763381e-02  -3.7281498787278433e-02  -8.6896382416852191e-01   1.9381541049572704e-01  -1.6919581280962857e-02   5.0000000000000000e+00   1.0831694354619723e-01  -5.5576517222096798e-02  -8.0784501468221262e-02   1.8400786996361751e-01   1.0003668724898160e-01   2.0944267713218842e-01
   3.5301956758969383e-02  -3.8067146269112527e-02  -9.4379236212164241e-01   2.1550607097367916e-01  -1.8683399367566394e-02   5.0000000000000000e+00   1.1232435332300229e-01  -5.3984371774128716e-02  -7.6655742529741180e-02   1.8599031643284536e-01   9.7006279818196234e-02   2.0976800549882751e-01
   3.5706941317610777e-02  -3.8657395295708559e-02  -9.3985439588463560e-01   2.1474610853900816e-01  -1.8447285532908923e-02   5.0000000000000000e+00   1.0734465296955022e-01  -5.6237700732041561e-02  -7.3986709866146361e-02   1.8819670711062511e-01   9.5491801707922833e-02   2.1103716440643261e-01
   3.3937668123236953e-02  -3.6862933066271010e-02  -8.6965151325885837e-01   1.9389840227146724e-01  -1.6196258063963555e-02   5.0000000000000000e+00   8.7157418230795827e-02  -4.9130983895156514e-02  -7.5802825363716561e-02   1.9031729788592538e-01   9.2780927400767779e-02   2.1172853932322538e-01
   3.4228284622227829e-02  -3.7359246443829472e-02  -9.6460174711087865e-01   2.3108424872455197e-01  -1.9241386894305882e-02   5.0000000000000000e+00   7.3513534943736650e-02  -4.8299651955913701e-02  -7.9611371892850905e-02   1.9565980483409678e-01   8.5503253653623781e-02   2.1352649862036510e-01
   3.5116549479665936e-02  -3.8881723934104807e-02  -1.1253722106497459e+00   2.9044318001518077e-01  -2.4527080063523169e-02   5.0000000000000000e+00   6.9530168315606961e-02  -4.9742210267501433e-02  -8.2214685508291169e-02   2.0244671424627772e-01   7.3229730887856684e-02   2.1528415082170338e-01
   3.6756754587774804e-02  -4.1003076361853831e-02  -1.0778571543072724e+00   2.7458611856424014e-01  -2.3274515138041553e-02   5.0000000000000000e+00   6.6824890311475676e-02  -4.7134902218937451e-02  -8.0075263413206074e-02   2.0497341053014634e-01   6.7002386012027626e-02   2.1564651343266522e-01
   3.7212257108379089e-02  -4.1798850133943820e-02  -1.0549608951163647e+00   2.6714799934203798e-01  -2.2655532207065180e-02   5.0000000000000000e+00   6.5062733773891102e-02  -4.7790046823046078e-02  -8.2997428160599795e-02   2.0672057810491443e-01   6.3975075877432036e-02   2.1639364072345843e-01
   3.6129336873544915e-02  -4.1240090479677007e-02  -1.1051368184505979e+00   2.8173390454943315e-01  -2.3856881553489702e-02   5.0000000000000000e+00   6.8964609483535638e-02  -5.4215111242890357e-02  -8.9719814884288498e-02   2.0893560471173664e-01   5.7272650898701732e-02   2.1664312464794175e-01
   3.4492583997906973e-02  -3.9425093599698938e-02  -1.1472858403328743e+00   2.9203232983209815e-01  -2.4638408749567728e-02   5.0000000000000000e+00   7.3475800108369904e-02  -5.7274310555354868e-02  -9.1451740535554826e-02   2.0741356565391961e-01   5.5929844134818767e-02   2.1482210007868824e-01
   3.2738647465330839e-02  -3.7283216600363392e-02  -1.1765724143227065e+00   2.9540239159291598e-01  -2.4639108340834666e-02   5.0000000000000000e+00   7.7029739775886188e-02  -5.9795501583230534e-02  -9.1828157632994081e-02   2.0272631801556951e-01   5.6062499155873725e-02   2.1033536038372663e-01
   3.1348699048226347e-02  -3.5733705519228713e-02  -1.1415510763990042e+00   2.7907338354404632e-01  -2.3081659563079469e-02   5.0000000000000000e+00   7.9134204491616261e-02  -6.0971048287770051e-02  -9.3709773340289917e-02   1.9930409111658265e-01   5.4284768726990819e-02   2.0656465537828578e-01
