  -2.1220764810745184e-03  -1.0738784769202194e-02  -4.9104871829970556e+00   5.5935771540135815e-01  -1.0502946482017576e-02   1.0082724243701843e+01  -1.2298440255707288e+00   1.7745173277709263e-03   5.5469678442042473e-02   2.2670980158847037e-01   1.2909458843993099e-01   2.6088838015664623e-01
  -1.1248965988685545e-02  -2.0240982408099507e-02  -1.2368212226443569e+00   4.3498389599094106e-02   3.3672763201963517e-02   1.0444713581970017e+01  -1.5563717621584128e+00  -6.6137626984653031e-02  -3.8743614289619928e-02   2.6894924989167135e-01   1.9501728765862789e-01   3.3221294601959855e-01
  -2.0020799609043426e-03  -1.0608990367285740e-02   7.2354238813705085e-01   5.5219245029410302e-01  -9.8242010719883418e-03   1.0444365520786555e+01  -1.2400170232928502e+00   1.5531010898178024e-03   5.5710574813393421e-02   2.2668845250986963e-01   1.2935133045255937e-01   2.6099697544448025e-01
  -2.1253263186055520e-03  -1.0768820275713646e-02   6.7903675070775349e-01   5.6053095709359457e-01  -1.0618481804919729e-02   1.0007733698805691e+01  -1.2277618865651094e+00   1.8673794302139855e-03   5.5464176507322389e-02   2.2671016266346328e-01   1.2904254495011394e-01   2.6086294536038679e-01
  -2.9123983524932300e-03  -1.1427592651301513e-02   7.8743043133103130e-01   5.3114676782063042e-01  -7.9911536552664305e-03   9.8052197372298693e+00  -1.2363871215543623e+00  -3.0714396648205099e-03   5.0543092115414023e-02   2.2818821475570214e-01   1.3161468521647185e-01   2.6342415743060738e-01
  -3.4126343039084404e-03  -1.3088660464536611e-02   1.1232826585710107e+00   4.4087219123646515e-01  -2.5663086302038675e-04   9.3658508618427092e+00  -1.2645176998316274e+00  -1.6600159041003950e-02   3.8882938977979412e-02   2.3196590481328758e-01   1.3916314076956818e-01   2.7050796798744736e-01
  -7.1174129745871784e-03  -1.5576017701231046e-02   1.2804969944015498e+00   4.3023188113331334e-01   0.0000000000000000e+00   9.1454165658637265e+00  -1.3049816289624820e+00  -2.6942213200308554e-02   2.6842131957366198e-02   2.3725553083778217e-01   1.5041981459317791e-01   2.8092046478561122e-01
  -8.0024077926324835e-03  -1.4834726032959768e-02   1.4474192541945083e+00   4.2211488431599470e-01   0.0000000000000000e+00   9.3542038815766109e+00  -1.3471969635093410e+00  -4.0686529327289771e-02   1.3425125850870568e-02   2.4306660933321711e-01   1.5836968005329277e-01   2.9010744928893001e-01
  -9.3997217096888352e-03  -1.8371307541395793e-02   1.5999939527743026e+00   4.1475673894884474e-01   0.0000000000000000e+00   1.0109780989336308e+01  -1.3842163336449840e+00  -4.0634080933173770e-02   7.5942616272194263e-03   2.4493235767015589e-01   1.6664963855809525e-01   2.9624983015253353e-01
  -7.9063302161962029e-03  -1.7436170243672645e-02   1.7248039532271193e+00   4.0893157625202392e-01   0.0000000000000000e+00   1.0955237092292290e+01  -1.4132901234549613e+00  -3.9598490349310615e-02   1.9052002238693659e-03   2.4377188188601925e-01   1.6959219616191534e-01   2.9696168674977735e-01
  -5.6762932867755822e-03  -1.2104722150064886e-02   1.8360235974853398e+00   4.1541453331444200e-01   0.0000000000000000e+00   1.2248049615437612e+01  -1.4686493107543590e+00  -4.5171963401002706e-02  -1.0327372852373456e-02   2.4588885653921411e-01   1.6984783889919039e-01   2.9884714847039706e-01
  -1.5113496918032899e-03  -5.9185201554776768e-03   1.9408754256013190e+00   4.3729802120401701e-01  -1.4354556593934747e-03   1.4242608764287507e+01  -1.5330874204529934e+00  -3.4977187269710122e-02  -1.3771143039542218e-03   2.4864860706130384e-01   1.6878686257743963e-01   3.0052476565544839e-01
   9.9081215257909565e-03  -1.0261936558332317e-02   3.4654877342218071e-01   8.7418983517218951e-01  -3.5712460407721164e-02   1.6267250028937362e+01  -1.3717989429701263e+00   3.1376225217650211e-02   6.6164739568784714e-02   2.4012697038774700e-01   1.3358274164952541e-01   2.7478229705387097e-01
   1.0759205182299936e-02  -7.8391874802083254e-03  -3.2460383616730781e-01   1.0517519473583410e+00  -4.9632089312609144e-02   1.7173472850804956e+01  -1.3333663241336187e+00   6.8810157937168465e-02   1.0987311633803667e-01   2.3900345460709410e-01   1.2617506950245741e-01   2.7026431410394391e-01
   1.8140682833818717e-02  -4.8995229187996543e-03  -1.2136164720824587e+00   1.2839920297591254e+00  -6.8382222766497663e-02   1.6380494506128997e+01  -1.2725731468672714e+00   1.0343386326019845e-01   1.4639363298760719e-01   2.3593712848343210e-01   1.2085421657424364e-01   2.6508879693563386e-01
   2.1575492373938875e-02  -2.1511116266660246e-02  -2.3496340074305002e+00   1.4989057929125711e+00  -8.2549804665792204e-02   1.4628846537652354e+01  -1.1300199994951359e+00   1.3625822876479377e-01   1.8172250938796961e-01   2.3164067022757442e-01   1.2222353970584217e-01   2.6190836901806985e-01
   3.0549593811774588e-02  -3.0763811122812214e-02  -3.5776282977009801e+00   1.8062750993354695e+00  -1.0531635206735995e-01   1.2913289038767836e+01  -1.0536784717721681e+00   1.3524633546450154e-01   1.8640207484318577e-01   2.3427825385119308e-01   1.2541697076318190e-01   2.6573617891242601e-01
   2.3140713826616151e-02  -2.4821799229105164e-02  -4.5156498090686519e+00   2.0359786837560985e+00  -1.2184526106606264e-01   1.2142925622223188e+01  -1.0106305390054717e+00   1.2929449246376831e-01   2.0168489960624905e-01   2.3874792787402777e-01   1.2309655057447678e-01   2.6861372605932982e-01
   1.8150878812176599e-02  -2.1664510034978619e-02  -4.8918869944278853e+00   2.1239068494543294e+00  -1.2782746062889530e-01   1.2014165905590938e+01  -9.9931358415269111e-01   1.2994204553223529e-01   2.1215604018377152e-01   2.3925855437238300e-01   1.1936449707582414e-01   2.6738088750418748e-01
   1.9624154139529337e-02  -2.1257413419605700e-02  -5.2273070894516573e+00   2.2097137271749059e+00  -1.3427292500446847e-01   1.2230693437068020e+01  -9.8899033225389765e-01   1.3253085023310138e-01   2.1932043772922694e-01   2.4156601591669324e-01   1.2135428509631793e-01   2.7033498211867163e-01
   1.8718900262143720e-02  -2.2068277607522016e-02  -5.5378123945016489e+00   2.2767083836624811e+00  -1.3873429389857428e-01   1.2008582274097504e+01  -9.6421701632134982e-01   1.2668687481474530e-01   2.1672819079539032e-01   2.4302886579485541e-01   1.2194315270857442e-01   2.7190653192235109e-01
   1.9130021270959884e-02  -2.0429001036594785e-02  -5.8710148407049543e+00   2.3540086845777211e+00  -1.4424418670881667e-01   1.1840016585234832e+01  -9.4404435068446302e-01   1.2588040158161909e-01   2.2178445853160039e-01   2.4425614539084689e-01   1.2349624901425794e-01   2.7370127526518057e-01
   1.7989403703986603e-02  -2.0270737685206205e-02  -6.1252845532151676e+00   2.4188577258480013e+00  -1.4906596888943754e-01   1.1658723973504824e+01  -9.3318670989504326e-01   1.2087535941096089e-01   2.1756787059537949e-01   2.4498211928712393e-01   1.2628436777135835e-01   2.7561563873231559e-01
   1.3310408581632632e-02  -1.8882668086387760e-02  -6.3580957629208754e+00   2.4600948877139528e+00  -1.5130238605044097e-01   1.1618732085172734e+01  -9.1489787829142277e-01   1.1760606751917053e-01   2.1561684935905362e-01   2.4712715502486018e-01   1.2492330642014951e-01   2.7690731885889880e-01
   1.2406185765023852e-02  -1.8811988648259323e-02  -6.5902723159039160e+00   2.5126810906738752e+00  -1.5481737646252131e-01   1.1520459192111133e+01  -9.0340811025964418e-01   1.1788384644177319e-01   2.1865974187905646e-01   2.4829758986468140e-01   1.2310922915411295e-01   2.7714179662318966e-01
   1.3104196798805534e-02  -1.8479286629317023e-02  -6.8256423001126816e+00   2.5667113011753089e+00  -1.5829074063110093e-01   1.1326565542788726e+01  -8.9751680755026542e-01   1.1981376545932788e-01   2.2583988698736898e-01   2.4968030437718330e-01   1.2343103153654122e-01   2.7852374035269872e-01
   1.3225302506340573e-02  -9.2354124444888105e-03  -7.2429511536831841e+00   2.6619264804641536e+00  -1.6476699343058671e-01   1.1246989310905889e+01  -8.8622024691848833e-01   1.2298971516679617e-01   2.3596099200913931e-01   2.5044399003860135e-01   1.2320523904322576e-01   2.7910880149890194e-01
   1.5044959835434217e-02  -8.3190805265627148e-03  -7.4168708500151119e+00   2.6770647693147214e+00  -1.6392737457157419e-01   1.1178355401218905e+01  -8.9018190058808111e-01   1.2210494483933423e-01   2.4898597747368950e-01   2.5119095604292202e-01   1.2282211552007949e-01   2.7961074453351203e-01
   1.2120762452634132e-02  -1.1924292555145833e-02  -7.4785509833977306e+00   2.6541637446589634e+00  -1.6024060821601113e-01   1.1208910568689474e+01  -8.8871366233024962e-01   1.2493968765268826e-01   2.5593798776852750e-01   2.5317287357390877e-01   1.3276240551352500e-01   2.8587123015688032e-01
   7.4268160890133012e-03  -1.4236259372582211e-02  -7.5927845116516286e+00   2.6629086889556892e+00  -1.5999512630761442e-01   1.1158659687854851e+01  -8.8457785067877326e-01   1.2169883987321296e-01   2.5561401398368372e-01   2.5531057197072204e-01   1.3715786668659283e-01   2.8982023489403635e-01
   3.6314870196250213e-03  -9.1420652782977195e-03  -7.5117518385464512e+00   2.6037790951022317e+00  -1.5367511005514345e-01   1.1360816404020433e+01  -8.8658864746079902e-01   1.2121669937970932e-01   2.6121856505477820e-01   2.5688414747107785e-01   1.4008834599759240e-01   2.9259905998872182e-01
   4.2854159635744979e-03  -6.5175293674226966e-03  -7.4475526829832353e+00   2.5575544840538749e+00  -1.4846954636746679e-01   1.1686271161195000e+01  -9.0110657482676138e-01   1.2402874921896756e-01   2.5951936257259239e-01   2.5665025936577357e-01   1.4608689937887673e-01   2.9531464203905111e-01
   2.9692029418437430e-03  -6.4881663423199771e-03  -7.3392435870181032e+00   2.5039561362039824e+00  -1.4306099319536850e-01   1.2100549658619471e+01  -9.0863910084178567e-01   1.2366273994519386e-01   2.5602012059035201e-01   2.5635790373176154e-01   1.4875713472774554e-01   2.9639173392345436e-01
  -1.0437485761317583e-03  -9.7904855474223156e-03  -7.2731403452128385e+00   2.4536861290759906e+00  -1.3747784839724825e-01   1.2302818684602720e+01  -9.1860705597223868e-01   1.2652941920378333e-01   2.5799773462305614e-01   2.5636256909597982e-01   1.5262034860275567e-01   2.9835337712370158e-01
  -3.6070840113846241e-03  -1.3115905758035692e-02  -7.2182503809011438e+00   2.4172911853967163e+00  -1.3353255833586161e-01   1.2430219828412039e+01  -9.2533201426781009e-01   1.2496915956504887e-01   2.5480269995017851e-01   2.5529769226492316e-01   1.5567475132375430e-01   2.9901762469043219e-01
  -5.9023233516971793e-03  -1.5167596902576420e-02  -7.1029720999816215e+00   2.3609175930370974e+00  -1.2792402254140511e-01   1.2551813981870186e+01  -9.3195105933862954e-01   1.2198395394729736e-01   2.5134434870456457e-01   2.5324692773764473e-01   1.6005282566873011e-01   2.9958456804899142e-01
  -7.3008746648614382e-03  -1.2920155377316148e-02  -7.0926923939111370e+00   2.3283803936199154e+00  -1.2388374302962900e-01   1.2592394142536790e+01  -9.4910170704177299e-01   1.1852629398680323e-01   2.4660498028802791e-01   2.5097725286197908e-01   1.6266289924292321e-01   2.9907992283712254e-01
  -8.7468602590462761e-03  -1.0938278971709126e-02  -6.8879977641468759e+00   2.2156077960483911e+00  -1.1300591097683312e-01   1.2597603106459687e+01  -9.4026328461653164e-01   1.1153038232738524e-01   2.3435884739138807e-01   2.4750979336304160e-01   1.6493173277538103e-01   2.9742826746445145e-01
  -7.8269024451084763e-03  -1.2321923122265930e-02  -6.8508724666475969e+00   2.1842545079088191e+00  -1.1002916751691343e-01   1.2603290548293520e+01  -9.3460751276525966e-01   1.1029814917336027e-01   2.2769460323787019e-01   2.4587511019934385e-01   1.6700679577788330e-01   2.9723028050912831e-01
  -8.3887187247418862e-03  -1.4096126568733557e-02  -6.7724217027351532e+00   2.1445618698655475e+00  -1.0632700689765127e-01   1.2874343034577116e+01  -9.3731237451817984e-01   1.0650314459918943e-01   2.1704323819230051e-01   2.4476393274774863e-01   1.6896743855386920e-01   2.9742121320712817e-01
  -7.1136924970784284e-03  -1.7222198741507506e-02  -6.5664226713310869e+00   2.0557963590266590e+00  -9.8050008842917008e-02   1.3225185987473910e+01  -9.4809959942439326e-01   1.0022499008797858e-01   2.0248271441671478e-01   2.4197379639237560e-01   1.7072017697765451e-01   2.9613628107312440e-01
  -4.0032899976209894e-03  -1.7674016473145468e-02  -6.3304681250841055e+00   1.9555329223320748e+00  -8.8753687990572094e-02   1.3507426645617798e+01  -9.6096375799810330e-01   9.7090221436368709e-02   1.9685474289908425e-01   2.3935608219798477e-01   1.7446080568267008e-01   2.9618897144325751e-01
  -2.2055031577645854e-03  -1.9562792625757799e-02  -6.0508007130617676e+00   1.8379521103059491e+00  -7.8236459488291207e-02   1.3597017341115139e+01  -9.6637480772534601e-01   9.5069378791738768e-02   1.9850215471019172e-01   2.3526690442095052e-01   1.7934785752257013e-01   2.9583132071123364e-01
  -4.1059734373501402e-03  -1.9336739380109019e-02  -5.9221193649033959e+00   1.7789536555698555e+00  -7.3199318205572739e-02   1.3536522170924169e+01  -9.6113118448154211e-01   9.2525300797200796e-02   1.9616790519992683e-01   2.3322643644695629e-01   1.8148305452019220e-01   2.9551763016057975e-01
  -5.8099168873707741e-03  -1.7703018532119242e-02  -5.7172547966460243e+00   1.6914391673859992e+00  -6.5892491967305344e-02   1.3440097541008480e+01  -9.4995788608301257e-01   9.1313574980911166e-02   1.9155289171262171e-01   2.3116386759902377e-01   1.8417722522778826e-01   2.9556384077885178e-01
  -5.9081885859929425e-03  -1.7365012438921700e-02  -5.6214885513710700e+00   1.6497462678566235e+00  -6.2418301629131666e-02   1.3367759400884445e+01  -9.4395779992513862e-01   9.0658851126839718e-02   1.8725680138421383e-01   2.2964715959805074e-01   1.8562073789684017e-01   2.9528439892554437e-01
  -5.7879008192215061e-03  -1.8126836533907266e-02  -5.4239172241868365e+00   1.5673621880650366e+00  -5.5244283539767534e-02   1.3415574592930099e+01  -9.4220154816089208e-01   8.8585934865250335e-02   1.7880857150747972e-01   2.2682586573513216e-01   1.8903559305982251e-01   2.9527009467599497e-01
  -6.9826451552116647e-03  -1.9981982940404985e-02  -5.2579454544282944e+00   1.4981743024767296e+00  -4.9055278938111235e-02   1.3535383381103959e+01  -9.4734825367137121e-01   8.8441348432120259e-02   1.7270113328165118e-01   2.2452319735427967e-01   1.9110248192689910e-01   2.9484033772333396e-01
  -8.7154682691855945e-03  -2.2400684377457413e-02  -5.2010431443275777e+00   1.4700095033407847e+00  -4.6623609745412298e-02   1.3682727837629752e+01  -9.5486123918561616e-01   9.0271895947829431e-02   1.7020175217767577e-01   2.2398801255050033e-01   1.9305272391175701e-01   2.9570252615774550e-01
  -9.2940408882457269e-03  -2.1901681834642351e-02  -5.0740790570807066e+00   1.4176670700480276e+00  -4.2229681197516446e-02   1.3784557564855273e+01  -9.6092779516729698e-01   9.1249400550270907e-02   1.6370404582049153e-01   2.2304061358249919e-01   1.9496178923950661e-01   2.9623844208800371e-01
  -1.0249578308899585e-02  -2.0148479701703404e-02  -4.9120011867717954e+00   1.3509310400645733e+00  -3.6592176355577502e-02   1.3818507064845933e+01  -9.6316668609976819e-01   8.9195079144275838e-02   1.5659765353663824e-01   2.2289811793892270e-01   1.9567643855065461e-01   2.9660215708012305e-01
  -9.2302209967005857e-03  -1.7300426671456953e-02  -4.8184296594523248e+00   1.3086968483685997e+00  -3.3059025320547115e-02   1.3815012431927020e+01  -9.6794918308282230e-01   8.8432731072397949e-02   1.5063833682446937e-01   2.2377086838291738e-01   1.9496726036770784e-01   2.9679224072090316e-01
  -8.6733422249732177e-03  -1.5152274520450782e-02  -4.7447989011068579e+00   1.2746239027224293e+00  -3.0348953752785814e-02   1.3692615326440393e+01  -9.7394559080169985e-01   8.7988089012881118e-02   1.4668918678379075e-01   2.2500499472123880e-01   1.9312697599473244e-01   2.9652196631341610e-01
  -8.2960233862945081e-03  -1.1723207455438143e-02  -4.6155908896498969e+00   1.2112494871297994e+00  -2.5763970536945086e-02   1.3411393101693744e+01  -9.7686929834736413e-01   8.9875061265630718e-02   1.4410447325352452e-01   2.2598755549131036e-01   1.8935550765466569e-01   2.9483195809832802e-01
  -5.4328056110149901e-03  -6.6692815702363061e-03  -4.5105907460436905e+00   1.1571526591876253e+00  -2.2671436214313709e-02   1.2883782458423596e+01  -9.6666939561707355e-01   8.7030971303068749e-02   1.4449576541125769e-01   2.2755215487555580e-01   1.8193098282000680e-01   2.9133977706170255e-01
  -5.5046740911015796e-03  -3.6735946691858882e-03  -4.4923041156772312e+00   1.1356198096241104e+00  -2.2025325173692888e-02   1.2295090194178254e+01  -9.5536578896499402e-01   8.5631598578021079e-02   1.5100946139087593e-01   2.2883998283007398e-01   1.7389962399404971e-01   2.8741749593046773e-01
  -7.7634412401261337e-03   5.6973688074359093e-06  -4.4228600781341196e+00   1.0970507269743373e+00  -2.0207728416756568e-02   1.1816132807967055e+01  -9.5147937510492930e-01   8.5976499520699662e-02   1.5632814415270352e-01   2.2980939730889491e-01   1.6399481643215708e-01   2.8232367755484911e-01
  -7.8668832934452888e-03   2.6701376847049979e-03  -4.3321338680979169e+00   1.0560764347994012e+00  -1.7750290891572627e-02   1.1487551257452767e+01  -9.5109452444192155e-01   8.5217595353657624e-02   1.5822206897622784e-01   2.3064068056623782e-01   1.5792415078781524e-01   2.7952667302801348e-01
  -7.4347240794957669e-03   3.4746768120955808e-03  -4.2741800597156852e+00   1.0299113729794287e+00  -1.6254222941841617e-02   1.1253122493310057e+01  -9.5042186795687200e-01   8.4261125187027525e-02   1.5944613576348246e-01   2.3122127743739940e-01   1.5335125063574426e-01   2.7745249180955228e-01
  -7.3974910375518618e-03   4.3874255853873292e-03  -4.1804768293277554e+00   9.9162562811547150e-01  -1.4085614154248652e-02   1.1059004504557624e+01  -9.5471296269163108e-01   8.4114954298821959e-02   1.6105092336263416e-01   2.3110320537850895e-01   1.4682668990506018e-01   2.7380059971573834e-01
  -7.8203449717498385e-03   4.4036622231502665e-03  -4.1161090995740706e+00   9.6531935494758803e-01  -1.2592778703149813e-02   1.0958932401574778e+01  -9.5647730650141405e-01   8.3714432934116137e-02   1.6026855369942411e-01   2.3076100508309433e-01   1.4257678704186072e-01   2.7125409060535843e-01
  -8.6839087312580148e-03   3.5305737460834445e-03  -4.0316615566534182e+00   9.3275039333154353e-01  -1.0777980986966506e-02   1.0927214869229555e+01  -9.6616200405050046e-01   8.2448872280396546e-02   1.5736082503617910e-01   2.3031423494472533e-01   1.3612532778795522e-01   2.6753458035093780e-01
  -9.3715238722361302e-03   3.7361584611562090e-03  -3.9963532332294047e+00   9.1868428263897550e-01  -1.0195602700036126e-02   1.0929088676625209e+01  -9.7355517904813205e-01   8.2521000490695620e-02   1.5607915673126371e-01   2.2992193964938776e-01   1.3150257955250608e-01   2.6487171755606503e-01
