  -2.3416425349891405e-02  -3.2480742553789313e-02  -5.1352077779170786e+00   7.2024143686546049e-01  -2.4544467065861421e-02   5.1923361501023768e+00  -1.3356093896722940e+00  -6.5547893768156344e-03   5.3645210516037635e-02   2.2604680257098606e-01   1.4227704748645223e-01   2.6709532978700418e-01
  -4.4168425055416773e-02  -5.0936513644298867e-02  -2.0084532157670707e+00   4.2752487648269577e-01   0.0000000000000000e+00   6.6289835182013066e+00  -1.6980870649588737e+00  -7.6722742608836839e-02  -4.1108721779903851e-02   2.6885806144032365e-01   2.0995455948265229e-01   3.4112398662217147e-01
  -2.3101390699944113e-02  -3.1985087815686257e-02   5.4871395140939661e-01   7.0197082094731533e-01  -2.2878990216038699e-02   6.6287691055000666e+00  -1.3557325068161057e+00  -6.6948929323773464e-03   5.4083294100340164e-02   2.2612486908058052e-01   1.4274857129887439e-01   2.6741281013552720e-01
  -2.3422077963952202e-02  -3.2523914690920537e-02   4.5486940237734319e-01   7.2145186039089448e-01  -2.4658224600700860e-02   5.0623066335995679e+00  -1.3339717397425865e+00  -6.5041208875576172e-03   5.3646979259760155e-02   2.2604058108550498e-01   1.4223921884714305e-01   2.6706991533251778e-01
  -2.4586843048181137e-02  -3.3489271965040410e-02   5.6664728184616142e-01   6.9319615435674087e-01  -2.2116872520798286e-02   4.8009390732726143e+00  -1.3460447451256308e+00  -1.1683460945450622e-02   4.8728281274795185e-02   2.2753706733228857e-01   1.4475315344198550e-01   2.6967868369891124e-01
  -2.6132199685257245e-02  -3.5940557783088314e-02   9.1605092971191526e-01   6.0372271492429475e-01  -1.4489819617350772e-02   4.3036103790764635e+00  -1.3808412449825616e+00  -2.6047223231920654e-02   3.6796318857335218e-02   2.3193424059776091e-01   1.5218481502737705e-01   2.7740531697603960e-01
  -2.8600545307106675e-02  -3.7554107432933886e-02   1.3478402512977428e+00   4.9884631874531477e-01  -5.9905195902912843e-03   3.9387435024566901e+00  -1.4250002397320263e+00  -3.7099565501080907e-02   2.4440713824061249e-02   2.3777107249518825e-01   1.6320854233412355e-01   2.8839575448737359e-01
  -2.8120889777805087e-02  -3.5778452096274470e-02   1.7123946868944260e+00   4.2257342763845501e-01   0.0000000000000000e+00   4.4092239040941301e+00  -1.4703103645153741e+00  -5.0944161147863230e-02   1.1002270653013410e-02   2.4350470901632848e-01   1.7091974473035462e-01   2.9750311334810664e-01
  -2.9655377926536212e-02  -3.9258132620233130e-02   1.8620445336990736e+00   4.1490020762099311e-01   0.0000000000000000e+00   5.7701321682110391e+00  -1.5045450029340677e+00  -5.0484231374954516e-02   5.1074463572066721e-03   2.4537950972672390e-01   1.7927646782685222e-01   3.0389332949276754e-01
  -2.8178562592060055e-02  -3.8077692035046552e-02   2.0032421256538311e+00   4.0922910489682107e-01   0.0000000000000000e+00   7.7151565252775240e+00  -1.5426472876685149e+00  -4.8959000079261843e-02  -2.6885762616779698e-04   2.4402152950483597e-01   1.8344020132241939e-01   3.0528153288905191e-01
  -2.7042260551622760e-02  -3.3037601876005622e-02   2.0597910612557104e+00   4.5356429587007924e-01  -3.3618127441330335e-03   1.0799946931830846e+01  -1.6234915043590015e+00  -5.4242881366436409e-02  -1.2070683625979508e-02   2.4635524329641342e-01   1.8521437160410353e-01   3.0821302592255573e-01
  -2.4205222323533178e-02  -2.7059694280607598e-02   2.1536660921635513e+00   5.2373470403308697e-01  -9.0488746596752122e-03   1.5730039242052746e+01  -1.7500174708451430e+00  -4.3703649247391035e-02  -2.0663858249438407e-03   2.4913280458656495e-01   1.8585097027682965e-01   3.1081785256642930e-01
  -7.6318308662934225e-03  -2.7432574116763402e-02   7.4509094376217033e-01   9.1078304430192292e-01  -3.8886676086591937e-02   1.9913884309947353e+01  -1.6142486977188202e+00   2.4768907515672300e-02   6.6985642054681951e-02   2.3907977164954292e-01   1.4772310114291717e-01   2.8103603296246216e-01
  -5.4602757232978874e-03  -2.3837112159680113e-02   3.5610757460650060e-02   1.0882144816852299e+00  -5.2915702695020245e-02   2.0616854397696926e+01  -1.5539176984803655e+00   6.2668548137081490e-02   1.1029659644088551e-01   2.3846025713583580e-01   1.3608908515588741e-01   2.7456061868347997e-01
   2.3307888396224313e-03  -2.1084976529534311e-02  -1.0949389114925934e+00   1.3597630612488210e+00  -7.5101792671947887e-02   1.7201135350913681e+01  -1.4294960321036516e+00   9.7833348211573787e-02   1.4620872949048938e-01   2.3516653880012178e-01   1.2966954636225997e-01   2.6854700189170511e-01
   6.0815869889151190e-03  -3.7458136597825487e-02  -2.4590789628086758e+00   1.6138720635466235e+00  -9.2640036098920853e-02   1.2644688506967457e+01  -1.2302429491021627e+00   1.3127140352434272e-01   1.8107541016076198e-01   2.3045208471073717e-01   1.2670684270863966e-01   2.6298818858784651e-01
   1.4848347041017809e-02  -4.7233540086818890e-02  -3.7926071210603682e+00   1.9406722598504182e+00  -1.1712103202831180e-01   8.9219938471307252e+00  -1.1278658684204415e+00   1.3008596205710032e-01   1.8523565969654993e-01   2.3319211174197105e-01   1.3111114657432277e-01   2.6752325830610219e-01
   7.6759943071778624e-03  -4.1223507119876740e-02  -4.7634247005378532e+00   2.1756575131327636e+00  -1.3415607711915492e-01   7.1538242252646107e+00  -1.0748665194411675e+00   1.2400468323365517e-01   2.0026706333267105e-01   2.3783713434956846e-01   1.2820565464719591e-01   2.7019102938315837e-01
   2.7070562717593843e-03  -3.8179606101530310e-02  -5.1565451457150191e+00   2.2667308336146692e+00  -1.4042184191214502e-01   6.6120042981429092e+00  -1.0592402212279557e+00   1.2468949494401807e-01   2.1067042071132588e-01   2.3834629272277083e-01   1.2395835696812071e-01   2.6865336312230448e-01
   4.4990761497461776e-03  -3.7398195068053315e-02  -5.4891418059159731e+00   2.3511114084788471e+00  -1.4673113509039040e-01   6.9701066141676344e+00  -1.0488439124782960e+00   1.2751564792403761e-01   2.1797632740956960e-01   2.4053769742233827e-01   1.2551747187183615e-01   2.7131719375361663e-01
   3.9301931126292326e-03  -3.7793286453427818e-02  -5.7887757011358554e+00   2.4160082651727368e+00  -1.5095299397804562e-01   6.7921240137714340e+00  -1.0281846812772204e+00   1.2185684653620242e-01   2.1569820807846185e-01   2.4170695037446455e-01   1.2528517514226761e-01   2.7224735989491716e-01
   4.5312486292326320e-03  -3.5777596340206684e-02  -6.1066086457397901e+00   2.4887538304255363e+00  -1.5605933105228054e-01   6.7353148277597512e+00  -1.0095177171494969e+00   1.2103644667650978e-01   2.2079652363146665e-01   2.4301733471472386e-01   1.2494778142723222e-01   2.7325697256508485e-01
   3.3372763406612702e-03  -3.5533106677724913e-02  -6.3567689227487163e+00   2.5521056855198005e+00  -1.6075779888929931e-01   6.4715753903796314e+00  -9.9841985598431271e-01   1.1596612217045539e-01   2.1654491090009781e-01   2.4382503723042009e-01   1.2676709602271627e-01   2.7481001694706891e-01
  -1.1301833277756034e-03  -3.3936379343121777e-02  -6.5867097332028912e+00   2.5899127566805720e+00  -1.6272452578443791e-01   6.2783333406212609e+00  -9.7597738159472336e-01   1.1267595583073252e-01   2.1443250417210444e-01   2.4621525704728250e-01   1.2489723365870785e-01   2.7608200190968130e-01
  -1.9503312682665334e-03  -3.3842402640442602e-02  -6.8236698694357525e+00   2.6422029770832229e+00  -1.6622850155283808e-01   5.9037879895410601e+00  -9.6126287779934771e-01   1.1294179532979477e-01   2.1737948483951577e-01   2.4748378134950322e-01   1.2301199104758144e-01   2.7636962925136865e-01
  -1.2585059755944950e-03  -3.3463379526531459e-02  -7.0567935387599325e+00   2.6949550526598243e+00  -1.6960584173807830e-01   5.5062822809788825e+00  -9.5427347972003163e-01   1.1475354744794802e-01   2.2446346541836529e-01   2.4897907604099687e-01   1.2233732111634042e-01   2.7741124786884741e-01
  -9.5199662088612212e-04  -2.3921106566772682e-02  -7.4649743914977371e+00   2.7867360162771635e+00  -1.7582413560713411e-01   5.4401324197416061e+00  -9.4190718740728607e-01   1.1785496794162875e-01   2.3448461194359396e-01   2.4992011174285095e-01   1.2098567372738263e-01   2.7766453770841493e-01
   7.9780442885645680e-04  -2.2995245911820623e-02  -7.6350144252407395e+00   2.8018046295831240e+00  -1.7499505223420705e-01   5.4702976191798989e+00  -9.4741952435945209e-01   1.1687353191734960e-01   2.4749140861585517e-01   2.5071245178525153e-01   1.2006810969762541e-01   2.7798036701632922e-01
  -2.1648214384279653e-03  -2.6465450857176720e-02  -7.6892915965909978e+00   2.7772031441256573e+00  -1.7114796316532077e-01   5.6760140406187176e+00  -9.4758510206649416e-01   1.1974746840558603e-01   2.5451450662733349e-01   2.5265707872486337e-01   1.3027163429547148e-01   2.8426448623033246e-01
  -6.8708112779728350e-03  -2.8784771720825084e-02  -7.7974944096847212e+00   2.7842672848156607e+00  -1.7075697608803347e-01   5.7190537653183551e+00  -9.4404110675256603e-01   1.1645561334898641e-01   2.5416593617431255e-01   2.5487152682909597e-01   1.3576058193011140e-01   2.8877401336373237e-01
  -1.0567092863617344e-02  -2.3573703810140800e-02  -7.7083971856409432e+00   2.7231284378640050e+00  -1.6425510286695091e-01   6.2516736174252481e+00  -9.4749187798270385e-01   1.1605690684951669e-01   2.5983199108899263e-01   2.5643221344535266e-01   1.3937203332419415e-01   2.9185963024269590e-01
  -1.0080599411728447e-02  -2.0976511937709611e-02  -7.6371569979600711e+00   2.6767152139819270e+00  -1.5901615434984340e-01   7.0489924024175714e+00  -9.6571955692948552e-01   1.1897308338746276e-01   2.5826811701870700e-01   2.5609520814685510e-01   1.4549665613338317e-01   2.9454037513009484e-01
  -1.1354150950349341e-02  -2.0758167768366198e-02  -7.5055791221108485e+00   2.6176256971363774e+00  -1.5313615737619488e-01   8.1427117001560401e+00  -9.7700944744601625e-01   1.1863643465626161e-01   2.5479720083209434e-01   2.5592183530406720e-01   1.4801662104206967e-01   2.9564320707588354e-01
  -1.5513630711716223e-02  -2.4000009734191311e-02  -7.4188041370914970e+00   2.5632362205811834e+00  -1.4720089451958959e-01   8.8519036567734197e+00  -9.9126358280489590e-01   1.2140808442163091e-01   2.5676435764599687e-01   2.5606153076644983e-01   1.5099168648202677e-01   2.9726418708809205e-01
  -1.8226791093848064e-02  -2.7294083639276694e-02  -7.3472252673898746e+00   2.5234974077793271e+00  -1.4297685926995288e-01   9.3517965794702071e+00  -1.0012467289672800e+00   1.1974719862078569e-01   2.5353881237010162e-01   2.5513074719146128e-01   1.5322915620971608e-01   2.9760858938413537e-01
  -2.0699686446147097e-02  -2.9334447487216319e-02  -7.2254762121450478e+00   2.4662049538555348e+00  -1.3729792035749039e-01   9.6680499178018486e+00  -1.0095208705654080e+00   1.1672007103013093e-01   2.5006318005871081e-01   2.5314444387222357e-01   1.5669538092934962e-01   2.9771723475131789e-01
  -2.2461973850705211e-02  -2.7311075118172819e-02  -7.2193614374155004e+00   2.4359887917045917e+00  -1.3348293070206330e-01   9.7080437664972088e+00  -1.0272577035635102e+00   1.1315343558075661e-01   2.4525376128816334e-01   2.5092602786522222e-01   1.5874516440634703e-01   2.9692406214824763e-01
  -2.3870207325458498e-02  -2.5199804364817321e-02  -7.0152433265016541e+00   2.3228422754876243e+00  -1.2255664272269115e-01   9.6935128089801488e+00  -1.0180010255922356e+00   1.0625266108526356e-01   2.3307096900255944e-01   2.4738770373335869e-01   1.6106181782818418e-01   2.9519753576306029e-01
  -2.2934111493774695e-02  -2.6486924233016927e-02  -6.9792015198803501e+00   2.2909094759964139e+00  -1.1954298363721921e-01   9.6669861271460604e+00  -1.0106556981225245e+00   1.0501299371607119e-01   2.2634131752885134e-01   2.4583471167305126e-01   1.6301536691944765e-01   2.9497239754806615e-01
  -2.3405345829222830e-02  -2.8089511297249039e-02  -6.8845724190101087e+00   2.2473563940939107e+00  -1.1550282343484927e-01   1.0286891268827629e+01  -1.0160422321714675e+00   1.0126050167041012e-01   2.1573430459665646e-01   2.4476888528865723e-01   1.6496555684355402e-01   2.9517019183880289e-01
  -2.2114553848380365e-02  -3.1097882105612366e-02  -6.6541402723856997e+00   2.1538503702473761e+00  -1.0680434277397291e-01   1.1139485341966168e+01  -1.0325425915615218e+00   9.5012902182895903e-02   2.0128092395753036e-01   2.4198470891291296e-01   1.6675219470991126e-01   2.9387564340761446e-01
  -1.9060552346162083e-02  -3.1418809438850649e-02  -6.3865852151105873e+00   2.0474926203372217e+00  -9.6982938378034206e-02   1.1985114375869482e+01  -1.0524188873400229e+00   9.1800041008911301e-02   1.9570723581878380e-01   2.3946860809313403e-01   1.7018139108679997e-01   2.9378039440082004e-01
  -1.7371978762140534e-02  -3.3267674445132338e-02  -6.0888946982009653e+00   1.9268920039105513e+00  -8.6199558237169266e-02   1.2387708514188873e+01  -1.0626409642216688e+00   8.9738674779058059e-02   1.9742494018559081e-01   2.3539280341652596e-01   1.7499696987945890e-01   2.9331503774488527e-01
  -1.9246238141604137e-02  -3.2967901010275039e-02  -5.9548136188500580e+00   1.8668387265860011e+00  -8.1060399790774632e-02   1.2408761176414204e+01  -1.0588902567711862e+00   8.7203124334106874e-02   1.9514565704360190e-01   2.3331936699130851e-01   1.7714709001203929e-01   2.9294883258507526e-01
  -2.0849834151092605e-02  -3.1200630881670174e-02  -5.7518011270457263e+00   1.7790018240072252e+00  -7.3725026733666016e-02   1.2264470597852942e+01  -1.0464160816661190e+00   8.6014112103439691e-02   1.9052639146635525e-01   2.3126362292942135e-01   1.7988386135293888e-01   2.9298646191536720e-01
  -2.0900732525767882e-02  -3.0768590169443513e-02  -5.6483818266994019e+00   1.7354652096605803e+00  -7.0088252207884616e-02   1.2296730990875259e+01  -1.0417213829703784e+00   8.5332797258971166e-02   1.8624755690807729e-01   2.2977319741468424e-01   1.8135604861401750e-01   2.9272126437800405e-01
  -2.0779458953162574e-02  -3.1408746118921867e-02  -5.4276941575743818e+00   1.6482002755775644e+00  -6.2493537630067833e-02   1.2718424513789532e+01  -1.0445099116797458e+00   8.3185120245698213e-02   1.7782596758489200e-01   2.2705354231652544e-01   1.8473772153105983e-01   2.9271374555180973e-01
  -2.2031092127088776e-02  -3.3164650369312917e-02  -5.2206513508088888e+00   1.5705777425377145e+00  -5.5585115246224934e-02   1.3475704905544713e+01  -1.0577870442852131e+00   8.2854414186569830e-02   1.7171462784478034e-01   2.2498032318479483e-01   1.8669305342024975e-01   2.9235328288854728e-01
  -2.3821370115447275e-02  -3.5502738515956804e-02  -5.1171848761955747e+00   1.5331133473347194e+00  -5.2361538073888408e-02   1.4323151966508448e+01  -1.0748581668180797e+00   8.4483144291583490e-02   1.6922033309763096e-01   2.2468068714475764e-01   1.8879057749766792e-01   2.9346770406254830e-01
  -2.4435285505890317e-02  -3.4920616529104893e-02  -4.9462905444848628e+00   1.4723456694641170e+00  -4.7241325686854116e-02   1.5063943668729575e+01  -1.0906791897287511e+00   8.5300264414872651e-02   1.6277783105829033e-01   2.2388376277025770e-01   1.9107294552339257e-01   2.9433452013509115e-01
  -2.5370734566611288e-02  -3.3052996247258021e-02  -4.7419969009070435e+00   1.3974763340406440e+00  -4.0896788738470476e-02   1.5694122145410370e+01  -1.1023970146886906e+00   8.3102828356003522e-02   1.5574525915088447e-01   2.2385103950278346e-01   1.9208470569966407e-01   2.9496749320934212e-01
  -2.4337793642838678e-02  -3.0097974017243158e-02  -4.6066251745668376e+00   1.3475308977748282e+00  -3.6692232469082119e-02   1.6256096628001607e+01  -1.1170712232854085e+00   8.2177417921430088e-02   1.4986219853007107e-01   2.2481901221818187e-01   1.9136040229961868e-01   2.9523277565851480e-01
  -2.3806904866391140e-02  -2.7919640671809128e-02  -4.5069769221693337e+00   1.3092442567228006e+00  -3.3604679687883048e-02   1.6442759294288020e+01  -1.1303486421287574e+00   8.1593577541669488e-02   1.4599657168163546e-01   2.2606301006636664e-01   1.8936174282410148e-01   2.9489380150428279e-01
  -2.3405838485031454e-02  -2.4566070866393317e-02  -4.4008713651560667e+00   1.2508057724380446e+00  -2.9436199967087254e-02   1.5752597499899190e+01  -1.1292309116383803e+00   8.3451828241014894e-02   1.4339888269616444e-01   2.2695020640269614e-01   1.8564235502576751e-01   2.9320552546931905e-01
  -2.0383187752052452e-02  -1.9673659181386204e-02  -4.3757092024190340e+00   1.2121107777565066e+00  -2.7658889107901076e-02   1.3973672387886534e+01  -1.1019627538681289e+00   8.0782448198358642e-02   1.4372189914381511e-01   2.2819089028228681e-01   1.7846309932602514e-01   2.8968976548865749e-01
  -2.0469824366310372e-02  -1.7075847885788462e-02  -4.4569253146089478e+00   1.2101216118647939e+00  -2.8719683431229701e-02   1.1773815079909578e+01  -1.0686390452367434e+00   7.9524852167287871e-02   1.4999199227054510e-01   2.2924949160796088e-01   1.7061577455028681e-01   2.8577101309947939e-01
  -2.2755020390162469e-02  -1.3830281569342575e-02  -4.4607821106152032e+00   1.1871129069231061e+00  -2.8260179143810026e-02   9.9857293618750376e+00  -1.0501171983946618e+00   7.9967360173709284e-02   1.5516683720052771e-01   2.2995219870692368e-01   1.6136811455912045e-01   2.8092291128797942e-01
  -2.2904189632236376e-02  -1.1483733294216869e-02  -4.4127407111949379e+00   1.1553395999939524e+00  -2.6613982235204486e-02   8.7923174610263608e+00  -1.0411393292793114e+00   7.9208436101677410e-02   1.5693412412381605e-01   2.3065607789445960e-01   1.5578468646764426e-01   2.7833629804155485e-01
  -2.2505309081651201e-02  -1.0889324456662014e-02  -4.3802684270171506e+00   1.1345394117484782e+00  -2.5603093822582607e-02   7.9790891482852215e+00  -1.0348379955129026e+00   7.8196061127586064e-02   1.5802618243417074e-01   2.3122861463954303e-01   1.5153357198856832e-01   2.7645812642737944e-01
  -2.2521255256202119e-02  -1.0241430099205535e-02  -4.3061462364207133e+00   1.1010211027704138e+00  -2.3858543570724221e-02   7.3137734987608498e+00  -1.0358314496910461e+00   7.7988990338261802e-02   1.5955710235367745e-01   2.3105375473500223e-01   1.4554377963099510e-01   2.7307293781409070e-01
  -2.2976072875587405e-02  -1.0400536611396408e-02  -4.2561616218164460e+00   1.0782593859373235e+00  -2.2675851910616791e-02   6.8877919990196741e+00  -1.0353526496416030e+00   7.7587602366407188e-02   1.5875010998210373e-01   2.3063596098215869e-01   1.4157656043138905e-01   2.7062311239387254e-01
  -2.3917162360107401e-02  -1.1540699753620792e-02  -4.1816992095209553e+00   1.0490239737774609e+00  -2.1147758043016888e-02   6.6769456540105638e+00  -1.0448255507857382e+00   7.6311588882486917e-02   1.5585922879486000e-01   2.3007728463413124e-01   1.3549120401191128e-01   2.6700828314719455e-01
  -2.4650954036026084e-02  -1.1515666577239073e-02  -4.1537021933530651e+00   1.0373350829187902e+00  -2.0771017958536458e-02   6.5665799475839419e+00  -1.0519349139191707e+00   7.6380723423427832e-02   1.5458226701626049e-01   2.2961444103991210e-01   1.3103120022278586e-01   2.6437088902883210e-01
