  -5.8673604898963252e-03  -7.6619180326356036e-03  -5.3918501086658832e+00   7.7641204645762840e-01  -3.5386705021958634e-02   3.7761919187135708e+00  -1.2030469080282238e+00  -7.9030544779864886e-03   5.6234946132850412e-02   2.2551478377971571e-01   1.3608894313111133e-01   2.6339536470058617e-01
  -1.2829834501773585e-02  -1.0235031684680842e-02  -1.7747644294488429e+00   3.0488304123845633e-01   2.5307770292093308e-03   4.9915367284248227e+00  -1.5286893398632577e+00  -7.8096197122766942e-02  -3.8149972809222249e-02   2.6845675049340695e-01   2.0266187285090886e-01   3.3636418000868834e-01
  -5.7926813321986775e-03  -6.8532502601871721e-03   2.5358538340876402e-01   7.6942027163573579e-01  -3.4595951949734374e-02   4.9926344756513048e+00  -1.2223932871207579e+00  -7.6540371827734923e-03   5.6641815112699376e-02   2.2544772125945370e-01   1.3642064645178562e-01   2.6350952126897320e-01
  -5.8578199730583754e-03  -7.7110141263864954e-03   2.0337794172797849e-01   7.7639952985601468e-01  -3.5397033016222421e-02   3.7190750011297826e+00  -1.2022047513290524e+00  -7.8793894855721160e-03   5.6254766114934268e-02   2.2551809615392304e-01   1.3608201765823405e-01   2.6339462261562213e-01
  -6.3561302236982697e-03  -7.9373750490730425e-03   3.2538089726579200e-01   7.4576733473366286e-01  -3.2753427571706954e-02   3.6279922574735552e+00  -1.2147610232156718e+00  -1.3115002170790415e-02   5.1419652384048400e-02   2.2700109433361962e-01   1.3867329338423115e-01   2.6600710352674778e-01
  -6.6581613101668602e-03  -8.9684543595912550e-03   6.9045180860097322e-01   6.5237414769512414e-01  -2.5019863285949396e-02   3.4435011766505985e+00  -1.2488309282234373e+00  -2.7613387087709339e-02   3.9650280824532418e-02   2.3139548167335980e-01   1.4623096949607126e-01   2.7372863456095914e-01
  -7.6230169901990684e-03  -8.7759992336124311e-03   1.1331742701508432e+00   5.4488607128795286e-01  -1.6489271922832144e-02   3.4456413634165992e+00  -1.2927525170558671e+00  -3.8736721724726662e-02   2.7503550902733417e-02   2.3718216217979823e-01   1.5755353577170886e-01   2.8474285713684067e-01
  -7.2841175309303228e-03  -6.6051329763453471e-03   1.5706254917158422e+00   4.4492525991270143e-01  -8.6818251602586907e-03   3.9871322999107153e+00  -1.3373411028475306e+00  -5.2462849697496372e-02   1.4165027219647316e-02   2.4290037463137198e-01   1.6458727883444954e-01   2.9341023218386519e-01
  -8.6032753882035549e-03  -9.3153134937874783e-03   1.8935910842886752e+00   3.7836467614130609e-01  -3.8489257591137901e-03   5.0644799953482487e+00  -1.3704746345854668e+00  -5.1678036947927261e-02   8.2717026882117798e-03   2.4465989812764100e-01   1.7317768323513499e-01   2.9974818718804025e-01
  -8.8690936136799590e-03  -9.0963608154190564e-03   1.8372178668286572e+00   4.3522199322144112e-01  -9.1839826599893638e-03   6.3793781998545818e+00  -1.4003331505920964e+00  -4.9816334070459302e-02   2.6799952497189453e-03   2.4329766312901363e-01   1.7706268080593596e-01   3.0090687233465396e-01
  -1.1137420977457204e-02  -6.6780717106134048e-03   1.6069096746162361e+00   5.6522215770082718e-01  -1.9765210605048447e-02   8.4740110357480187e+00  -1.4631976314226078e+00  -5.4484213434865210e-02  -9.2527868089346942e-03   2.4520556536925270e-01   1.7873839913587183e-01   3.0343563504260518e-01
  -9.2429864580045682e-03  -1.1976261144963185e-03   1.4137233628861265e+00   6.9908566556772411e-01  -3.1016644846462001e-02   1.1300482732946048e+01  -1.5379541547224862e+00  -4.3078169068204775e-02   2.2194367214050414e-04   2.4755998068348009e-01   1.7848057105797810e-01   3.0519052783660733e-01
   5.3408184649743713e-03  -5.6140903896406890e-03  -1.8636963859789038e-01   1.1203326595100329e+00  -6.1895435659835733e-02   1.3688536319429378e+01  -1.3863666594923880e+00   2.5824744838805484e-02   6.8663171400729583e-02   2.3765865309714984e-01   1.4193440024022069e-01   2.7681584016002875e-01
   8.0960703335141212e-03  -2.1973513663072074e-03  -9.3554842516372905e-01   1.3045386657232489e+00  -7.6053785822710995e-02   1.3687413354267127e+01  -1.3239612411917787e+00   6.4079982143478709e-02   1.1208800884363962e-01   2.3650823059383241e-01   1.3208831125403003e-01   2.7089382626513825e-01
   1.3656187064798495e-02  -2.2424104560071034e-03  -1.9066539852150637e+00   1.5414993512414763e+00  -9.5252642622317307e-02   1.1090027076325637e+01  -1.2249860376972426e+00   9.8797590917015399e-02   1.4770322379514819e-01   2.3374151867824661e-01   1.2660853148161930e-01   2.6582854962916469e-01
   1.4852835201562902e-02  -2.2156259472059625e-02  -3.0162573490061413e+00   1.7397179809795909e+00  -1.0807949197455788e-01   7.6017200201290178e+00  -1.0665428238703922e+00   1.3166566991942338e-01   1.8259300395383810e-01   2.2927331612358934e-01   1.2469010406732078e-01   2.6098635124969011e-01
   2.4927815091338418e-02  -3.1283891828409904e-02  -4.1796435896832689e+00   2.0289528779582509e+00  -1.2948811897062046e-01   4.8443858907085557e+00  -9.9225717456374563e-01   1.3000620968439167e-01   1.8725720820564723e-01   2.3179650948983513e-01   1.2853506951793753e-01   2.6504883683512415e-01
   1.6569323252621167e-02  -2.7152865898723576e-02  -5.0850854102908807e+00   2.2485603938826055e+00  -1.4482903460652025e-01   3.8746152790874091e+00  -9.5496309901016541e-01   1.2358302606036904e-01   2.0248983727518977e-01   2.3658715564104763e-01   1.2743479402675806e-01   2.6872496896076392e-01
   1.3007083660572070e-02  -2.2741568294193451e-02  -5.4453230547920191e+00   2.3319936961067094e+00  -1.5052415836308289e-01   3.6967567610833560e+00  -9.4400443209438900e-01   1.2411232070641078e-01   2.1287186828845370e-01   2.3727808478920687e-01   1.2406531045212871e-01   2.6775565498942711e-01
   1.3951142459987130e-02  -2.3120509183173838e-02  -5.8054015500126921e+00   2.4220150992909497e+00  -1.5698602619592944e-01   3.8349764929373986e+00  -9.3287211200254649e-01   1.2703749108529280e-01   2.2013100076066586e-01   2.3943897903739292e-01   1.2670863924206227e-01   2.7089869682418954e-01
   1.3144528439051879e-02  -2.4386300259701753e-02  -6.1238436358379733e+00   2.4893181353368221e+00  -1.6112185549130270e-01   3.2517095909010050e+00  -9.1029213437626044e-01   1.2127536238952215e-01   2.1777181198724893e-01   2.4063356562325455e-01   1.2788162941787448e-01   2.7250362208075646e-01
   1.4088248687656927e-02  -2.2441153798464057e-02  -6.4460719160173552e+00   2.5632669862734221e+00  -1.6629440021756187e-01   2.7846498072763048e+00  -8.9182300941456349e-01   1.2050716278662792e-01   2.2299576041106320e-01   2.4169681895090814e-01   1.2852227426411358e-01   2.7374317758258032e-01
   1.3977048460351117e-02  -2.1518102706078290e-02  -6.6947489623485268e+00   2.6253945049164371e+00  -1.7088134229492671e-01   2.2047179303402658e+00  -8.7996964830467850e-01   1.1529446665537968e-01   2.1877518576889626e-01   2.4245415763798853e-01   1.3078902733904341e-01   2.7548101246408913e-01
   1.1172326799939507e-02  -1.8514713804612375e-02  -6.9141654431367510e+00   2.6612137253434014e+00  -1.7267660222517175e-01   1.8520789228591830e+00  -8.6082002850773320e-01   1.1201058156704466e-01   2.1680851793573649e-01   2.4467619147572386e-01   1.2935493832551809e-01   2.7676549413585444e-01
   1.1333991114812666e-02  -1.7744781200071131e-02  -7.1392721185653496e+00   2.7114576684527463e+00  -1.7596582914105705e-01   1.4797376032672465e+00  -8.5036604275591721e-01   1.1225996177622842e-01   2.1999454509791661e-01   2.4571041811536024e-01   1.2766789900577180e-01   2.7689836042666105e-01
   1.2508640020748462e-02  -1.7125529024587412e-02  -7.3609020701528367e+00   2.7616863861162853e+00  -1.7909167379704316e-01   1.2083983181273694e+00  -8.4632350351907870e-01   1.1397865303743200e-01   2.2720790912027111e-01   2.4713033887144334e-01   1.2739820337621865e-01   2.7803544129157848e-01
   1.1439594415942609e-02  -9.4892292515607463e-03  -7.7934728231035315e+00   2.8582681738864157e+00  -1.8522003510176735e-01   1.0656455436623702e+00  -8.3612930635749416e-01   1.1711268635458484e-01   2.3733193231170538e-01   2.4795442042932020e-01   1.2659946745893216e-01   2.7840405846776967e-01
   1.1831971452617067e-02  -1.0212811038020802e-02  -7.9857295635282615e+00   2.8773660594487804e+00  -1.8444365189407988e-01   1.0000801961759778e+00  -8.4024927762322799e-01   1.1609409664918782e-01   2.5033744808724556e-01   2.4873716052893427e-01   1.2506733985132359e-01   2.7840979603003069e-01
   9.8095619667662847e-03  -1.2870778743244706e-02  -8.0553317578473393e+00   2.8551259562158053e+00  -1.8069750144832716e-01   1.0001121915295201e+00  -8.3803590585262988e-01   1.1893897437049693e-01   2.5724764722028387e-01   2.5078395516047941e-01   1.3557022713144973e-01   2.8508223138316813e-01
   5.9060321889178261e-03  -1.4222124350936404e-02  -8.1545382874641081e+00   2.8595977416502616e+00  -1.8019997665903764e-01   1.0819647914381885e+00  -8.3357254584034157e-01   1.1557697202952902e-01   2.5671941779881752e-01   2.5323321546385708e-01   1.4115438168771921e-01   2.8991657573137580e-01
   1.2118655403225600e-03  -9.7110402298919533e-03  -8.0801168872270868e+00   2.8025451098936776e+00  -1.7405525061298971e-01   1.4915273527376995e+00  -8.3519796197559315e-01   1.1542451578664090e-01   2.6233322724653435e-01   2.5477172375235169e-01   1.4470380703534433e-01   2.9299799145090871e-01
   1.5071479187712894e-03  -6.9489620791732785e-03  -8.0441955573965860e+00   2.7637766965394741e+00  -1.6939063030356266e-01   2.1496511025689262e+00  -8.4814232372138842e-01   1.1859479051120418e-01   2.6060502439267419e-01   2.5448239006280204e-01   1.5064189207793485e-01   2.9572667532858160e-01
   3.5859746980130051e-04  -6.2873910838059689e-03  -7.9525531886432219e+00   2.7132459320642104e+00  -1.6422748347043806e-01   2.8860510922918770e+00  -8.5216185346401163e-01   1.1850643791557365e-01   2.5686755855459376e-01   2.5441166605473176e-01   1.5300506947796683e-01   2.9687682144401539e-01
  -2.8556729038803946e-03  -8.2957306752419382e-03  -7.8875622633270810e+00   2.6639204538813699e+00  -1.5885047472064664e-01   3.3960738455050650e+00  -8.6147953498255503e-01   1.2146135524375494e-01   2.5874116265154268e-01   2.5453070216959012e-01   1.5552732168331959e-01   2.9828614808088449e-01
  -4.4597394519602833e-03  -1.0310547608376134e-02  -7.8337803135907933e+00   2.6279651670554527e+00  -1.5499725442756335e-01   3.7694474321271798e+00  -8.6795453796739519e-01   1.1991224077408276e-01   2.5543998445246463e-01   2.5359839258126371e-01   1.5781013696064078e-01   2.9869078333175419e-01
  -6.1076273904673174e-03  -1.1285466131288923e-02  -7.7171032717367423e+00   2.5716636767422076e+00  -1.4939457904166764e-01   4.2797848085277987e+00  -8.7585241717936513e-01   1.1692049536844719e-01   2.5187922730162016e-01   2.5171460724905204e-01   1.6093307541582053e-01   2.9876361603337626e-01
  -8.4901607848726739e-03  -9.7524978360504118e-03  -7.7171028212890977e+00   2.5424580892724933e+00  -1.4548088610998433e-01   4.7651940990020059e+00  -8.9481533786352851e-01   1.1329564477036681e-01   2.4702451944882756e-01   2.4964511024154901e-01   1.6267312510775023e-01   2.9796849950932214e-01
  -8.9357050577192378e-03  -6.3369579649885091e-03  -7.4789459324469236e+00   2.4221395541129844e+00  -1.3406162531409890e-01   5.2567251916163364e+00  -8.9087544754132608e-01   1.0627965815257417e-01   2.3472833062508572e-01   2.4638057024790919e-01   1.6420033671835821e-01   2.9608298832271185e-01
  -7.8023667546744772e-03  -7.3244123137580332e-03  -7.4274681605044268e+00   2.3870862791645444e+00  -1.3074355647586253e-01   5.5407498837567344e+00  -8.8757589726425423e-01   1.0499653551652549e-01   2.2798252198754812e-01   2.4493484323562101e-01   1.6595145521393886e-01   2.9585970141011464e-01
  -7.8273824489113724e-03  -8.2551680575188580e-03  -7.3425324824923797e+00   2.3461337880016182e+00  -1.2701404480659825e-01   6.0504296804609101e+00  -8.9088063459872535e-01   1.0132148444436635e-01   2.1730307986605168e-01   2.4390183182910863e-01   1.6755083194566969e-01   2.9590773030673062e-01
  -6.0423818354635606e-03  -1.0500566484369351e-02  -7.1337476531936108e+00   2.2575334319489619e+00  -1.1880841629722062e-01   6.7501792924726782e+00  -9.0292799589569406e-01   9.5132294878183796e-02   2.0272065910478937e-01   2.4120931762429240e-01   1.6901657328679590e-01   2.9453104582435385e-01
  -3.1569703354823175e-03  -1.0764484302476524e-02  -6.8888328081269794e+00   2.1571219362193728e+00  -1.0952200671692673e-01   7.5104243329586913e+00  -9.2008002276976375e-01   9.2042675592383577e-02   1.9716411115043833e-01   2.3863641182137812e-01   1.7245283024624580e-01   2.9442709743996531e-01
  -1.7810119684543335e-03  -1.2828125183276591e-02  -6.6019679614590947e+00   2.0390190323287407e+00  -9.8880684828482432e-02   7.9678202555834066e+00  -9.2968239995044200e-01   8.9980020711824010e-02   1.9884907686048756e-01   2.3461829494210423e-01   1.7704125997672851e-01   2.9392065605480638e-01
  -3.7454320885862888e-03  -1.2630111431715598e-02  -6.4653564186383807e+00   1.9785636367193087e+00  -9.3659416527028361e-02   8.0461137032175252e+00  -9.2740385109371481e-01   8.7450250910069929e-02   1.9659216746704536e-01   2.3252977352723811e-01   1.7910643300947265e-01   2.9351185652713480e-01
  -5.7684037302608310e-03  -1.1376443199182561e-02  -6.2547598061223244e+00   1.8890486214416364e+00  -8.6114418472369128e-02   7.9431009039623559e+00  -9.1708109498636758e-01   8.6253711691496412e-02   1.9198346012864828e-01   2.3046255685710126e-01   1.8178070754007036e-01   2.9352549420260116e-01
  -6.2491498405686787e-03  -1.1430742874868761e-02  -6.1522830122025116e+00   1.8456391011292446e+00  -8.2437083127953850e-02   7.9556959651904808e+00  -9.1267560292743377e-01   8.5572795024989073e-02   1.8768883920211682e-01   2.2897941156775115e-01   1.8322982785798159e-01   2.9326564875344530e-01
  -6.5016795180841015e-03  -1.2464196900806201e-02  -5.9468144728386845e+00   1.7616590779737260e+00  -7.5059963291157605e-02   8.2391456603304878e+00  -9.1353295740997520e-01   8.3469857758146734e-02   1.7923008656137729e-01   2.2625531445348068e-01   1.8664903807334463e-01   2.9330757019236353e-01
  -7.5614212402222410e-03  -1.3937367451559419e-02  -5.7672856278766034e+00   1.6901285345033810e+00  -6.8704533362954526e-02   8.6953880529123388e+00  -9.2170034055523176e-01   8.3239169040599525e-02   1.7307629251937678e-01   2.2413689254702862e-01   1.8860082191787014e-01   2.9292937139988956e-01
  -9.0578289108193093e-03  -1.5968430178774012e-02  -5.7057635585458204e+00   1.6617090973797328e+00  -6.6214868529139326e-02   9.1250189002787021e+00  -9.3201158425607844e-01   8.5027741588678402e-02   1.7058126654089162e-01   2.2370339135042236e-01   1.9050699416209591e-01   2.9383009057337384e-01
  -1.0084599152574614e-02  -1.5799494876076420e-02  -5.5749997410774634e+00   1.6095184476504065e+00  -6.1823325962324656e-02   9.4063861764677412e+00  -9.4033691630565097e-01   8.6004682492792028e-02   1.6413330712550026e-01   2.2275800559312903e-01   1.9249643111239073e-01   2.9440788890047748e-01
  -1.1625293957925015e-02  -1.4586352055155653e-02  -5.4073016671632708e+00   1.5425737453101027e+00  -5.6122876751437595e-02   9.6131343435831909e+00  -9.4578946756731352e-01   8.3980342561594784e-02   1.5713830020057570e-01   2.2253395571183626e-01   1.9337406566580989e-01   2.9481331502644598e-01
  -1.1430677485839369e-02  -1.2509128810217495e-02  -5.3069907560416496e+00   1.5000984051267567e+00  -5.2527116077958444e-02   9.8104138546308484e+00  -9.5410008500221555e-01   8.3192359946810346e-02   1.5127243533244639e-01   2.2336456711790562e-01   1.9271285844531696e-01   2.9500843319121256e-01
  -1.1467868924354663e-02  -1.0957919920827052e-02  -5.2322991784722666e+00   1.4668946719789024e+00  -4.9858325867591445e-02   9.7646194188440401e+00  -9.6228204937666173e-01   8.2681690113347153e-02   1.4740230429131984e-01   2.2452819843111060e-01   1.9091072776816453e-01   2.9471989730537435e-01
  -1.3149716442778611e-02  -9.8483588864421469e-03  -5.1209207122907578e+00   1.4075871208539938e+00  -4.5582447460127844e-02   9.1129844289136646e+00  -9.6163381335935527e-01   8.4536033635097305e-02   1.4484873717115546e-01   2.2531859560594322e-01   1.8736553729243507e-01   2.9304319492306496e-01
  -1.1159452347062480e-02  -6.2956029146990543e-03  -5.0456853705178304e+00   1.3571795935649642e+00  -4.2744820788099339e-02   7.7306629114505530e+00  -9.4161125397492063e-01   8.1580234601799237e-02   1.4509351870074919e-01   2.2675852705222793e-01   1.7995629649051914e-01   2.8948868412682321e-01
  -1.0960967584360874e-02  -3.6529980235597529e-03  -5.0452495849870349e+00   1.3367597708928087e+00  -4.2317589697847380e-02   6.1517686908984786e+00  -9.2008041934742468e-01   7.9928472456206559e-02   1.5140850533571162e-01   2.2799760121454840e-01   1.7211447446447212e-01   2.8566816147371005e-01
  -1.3132776256006444e-02  -4.8230769111833472e-04  -4.9838748920730751e+00   1.2990829181935872e+00  -4.0653692179989181e-02   4.9681462635087845e+00  -9.1166688638402371e-01   8.0019159444926186e-02   1.5673024462093638e-01   2.2879348706243491e-01   1.6286082162186510e-01   2.8083822200964303e-01
  -1.3281787508979421e-02   1.7664469486984163e-03  -4.8901740073695423e+00   1.2569145378086588e+00  -3.8186427052276289e-02   4.2276248739220268e+00  -9.0909751621192347e-01   7.8975206533825323e-02   1.5859406044582214e-01   2.2960951631857041e-01   1.5727032592989448e-01   2.7830645950488303e-01
  -1.2843621983461857e-02   2.2931764646957251e-03  -4.8281628165288932e+00   1.2296175784368648e+00  -3.6643177476575521e-02   3.7371979896206993e+00  -9.0776347246762090e-01   7.7800571106625124e-02   1.5982219219275776e-01   2.3017418402294790e-01   1.5305366925761874e-01   2.7641559410396954e-01
  -1.2921881700476812e-02   2.7811541125730916e-03  -4.7334296213783853e+00   1.1916043043990303e+00  -3.4570690644174354e-02   3.2822550338863379e+00  -9.1159146929444901e-01   7.7455251247388029e-02   1.6149321808760012e-01   2.2994329575611736e-01   1.4704478089579265e-01   2.7293971285226509e-01
  -1.3171665206476838e-02   2.7130623322041423e-03  -4.6713719308117092e+00   1.1661826600015486e+00  -3.3189736258848808e-02   2.9557401015776410e+00  -9.1292827216492589e-01   7.6969873159757313e-02   1.6079930130418041e-01   2.2944887925204469e-01   1.4311534144448448e-01   2.7042335170393617e-01
  -1.3751964346226372e-02   1.8901048802555786e-03  -4.5961564738317238e+00   1.1365834475975947e+00  -3.1680286042472895e-02   2.7445741351893989e+00  -9.2158602670344236e-01   7.5624069171002242e-02   1.5796973454236540e-01   2.2883873440310279e-01   1.3705100582239232e-01   2.6673984434302883e-01
  -1.4367575918645566e-02   2.0258202487105663e-03  -4.5671747401427369e+00   1.1246227493410059e+00  -3.1338599880506586e-02   2.6189995172763147e+00  -9.2788993813118348e-01   7.5649570475427461e-02   1.5672937870560125e-01   2.2834013694820154e-01   1.3263543997466226e-01   2.6406699543637724e-01
