  -8.2617623702021614e-04   2.1506757188400412e-03  -5.4380330223601110e+00   7.3371787395922949e-01  -3.1156219328649367e-02   8.7351474572939729e+00  -1.1311050147970729e+00   4.7497224519860295e-04   5.3770818614606093e-02   2.2585313220708164e-01   1.2629771278178165e-01   2.5876775220583204e-01
  -5.5016927230423342e-03   8.3523500238689042e-04  -1.8486609778944902e+00   2.5288709004166404e-01   7.6670671770615951e-03   9.0947398245877622e+00  -1.4320585325119803e+00  -6.7932643800839979e-02  -4.0880365266739070e-02   2.6812242571480088e-01   1.9232773432551034e-01   3.2996907819062837e-01
  -6.2147046003433696e-04   2.3384377654919598e-03   1.9108209242832097e-01   7.2835282340959651e-01  -3.0602100672551862e-02   9.0943426992353729e+00  -1.1422492786173855e+00   2.3167066801426018e-04   5.4147572636913707e-02   2.2579575875095437e-01   1.2667728243666754e-01   2.5890318374917376e-01
  -8.4487201861289691e-04   2.1119442753488146e-03   1.5424285242114638e-01   7.3423970599786492e-01  -3.1218004709154555e-02   8.6797201110050075e+00  -1.1293991678945394e+00   5.5704657005902500e-04   5.3754359287584610e-02   2.2585911198692110e-01   1.2623930924336679e-01   2.5874447175884352e-01
  -1.2992890643291136e-03   1.9592395602380679e-03   2.6733799547154252e-01   7.0448640965393017e-01  -2.8658894877625279e-02   8.5481497802163702e+00  -1.1384651741868577e+00  -4.4411430551743944e-03   4.8801158321422240e-02   2.2733499352896774e-01   1.2885843407037562e-01   2.6131531779420270e-01
  -1.3687698417607543e-03   1.1881299208813664e-03   6.0857776627441706e-01   6.1479397240480316e-01  -2.1213273798400011e-02   8.2616001147169325e+00  -1.1666423027052895e+00  -1.8130313345182499e-02   3.7034711471119343e-02   2.3113803050888387e-01   1.3651354284807671e-01   2.6844130928092907e-01
  -1.9738363808642803e-03   1.6021039789448242e-03   1.0420963996029902e+00   5.0746876497856175e-01  -1.2652699101164273e-02   8.1896461297106811e+00  -1.2072844863681054e+00  -2.8677291399646185e-02   2.4946892975616298e-02   2.3646716011752164e-01   1.4816822912851627e-01   2.7905293751746479e-01
  -1.3729703463785116e-03   3.6337553921065003e-03   1.4791406199133823e+00   4.0533922459019639e-01  -4.6777218987025734e-03   8.4220190739348055e+00  -1.2480957668511083e+00  -4.2532211226807934e-02   1.1561078143793153e-02   2.4229411821797331e-01   1.5624464760140944e-01   2.8830336388449207e-01
  -2.2001710085979131e-03   6.0641551846704958e-04   1.8191749890237559e+00   3.3404955197000380e-01   5.6910976552604256e-04   9.0737392488948458e+00  -1.2833262419638802e+00  -4.2438333304232335e-02   5.9421797558276051e-03   2.4404080737596659e-01   1.6460341383064628e-01   2.9436405947298766e-01
  -2.1512139318859320e-03   3.7216426768331347e-04   1.7626637602559052e+00   3.8892168709245034e-01  -4.6490853650011949e-03   9.7580213166222478e+00  -1.3089592791493865e+00  -4.1341272337398982e-02   3.9313004796486342e-04   2.4287235948323110e-01   1.6746094358157865e-01   2.9500872974572206e-01
  -4.1114490532192568e-03   2.1291927477859159e-03   1.4975420739329346e+00   5.2236035790012092e-01  -1.5617870902039878e-02   1.0774579125400967e+01  -1.3569890014852515e+00  -4.6787089134126290e-02  -1.1650598997107573e-02   2.4492712267606886e-01   1.6791629294980737e-01   2.9695989099604614e-01
  -2.1438249268339172e-03   6.6949204378157863e-03   1.2275412128028218e+00   6.6511521463588996e-01  -2.7791750862897376e-02   1.2104434527084365e+01  -1.4020939144110021e+00  -3.6230906530370748e-02  -2.6495393542736744e-03   2.4772239043046432e-01   1.6646724058744938e-01   2.9845891661899326e-01
   1.0487789583473182e-02   8.4903480838547686e-04  -4.0917361883243275e-01   1.0979859075876706e+00  -5.9920253908593367e-02   1.3459115206562707e+01  -1.2428239594411152e+00   3.0633108190368470e-02   6.5217721699203438e-02   2.3929784153186850e-01   1.3144365788823423e-01   2.7302177964559970e-01
   1.2892821370492550e-02   4.0904714353198956e-03  -1.1077302145670764e+00   1.2776652588595616e+00  -7.3613646879423955e-02   1.3937901771195358e+01  -1.2012818846992437e+00   6.8441422506534899e-02   1.0914984228415218e-01   2.3788529086421359e-01   1.2404824737823433e-01   2.6828600277905501e-01
   1.8323702059673611e-02   4.8423851115253014e-03  -1.9601018401283685e+00   1.4998379543495977e+00  -9.1364421977337074e-02   1.3190338420556760e+01  -1.1446962828471343e+00   1.0310262499160032e-01   1.4551439009823153e-01   2.3490182860296782e-01   1.1840797490346272e-01   2.6305763171167856e-01
   1.9277897032655953e-02  -1.4654231292344170e-02  -2.9758909357474148e+00   1.6858091706450626e+00  -1.0302763489108434e-01   1.1709008035222704e+01  -1.0185575331034338e+00   1.3605214911672356e-01   1.8079621975630425e-01   2.3052902501668027e-01   1.1901193471288263e-01   2.5943683620342861e-01
   2.8925333315963093e-02  -2.3127021000669871e-02  -4.1241959944239612e+00   1.9749248097653838e+00  -1.2434358563228283e-01   1.0349083086968047e+01  -9.5373532275555184e-01   1.3510348335733940e-01   1.8544133742180249e-01   2.3302805395727519e-01   1.2135196593962569e-01   2.6273251334489767e-01
   2.0320972267049538e-02  -1.8707700909326486e-02  -5.0315578760792521e+00   2.1965717051765865e+00  -1.3981678624322105e-01   9.9049020752516235e+00  -9.1947914083809112e-01   1.2900037856479729e-01   2.0072370093004421e-01   2.3762840992199716e-01   1.1937422345121845e-01   2.6592755860692241e-01
   1.6608098748823363e-02  -1.4224279662881903e-02  -5.3847502435201209e+00   2.2788500366989624e+00  -1.4539450937279963e-01   9.9136017069859950e+00  -9.1077573292278380e-01   1.2947717070803658e-01   2.1112837671050677e-01   2.3834461740777443e-01   1.1572745646999885e-01   2.6495471467455312e-01
   1.7493604009911647e-02  -1.4808054304057631e-02  -5.7352347037823197e+00   2.3669666207230327e+00  -1.5170642873981177e-01   1.0080435977490939e+01  -9.0133684321950747e-01   1.3211620760487741e-01   2.1837198291802817e-01   2.4063056714644254e-01   1.1849311793930536e-01   2.6822320713203907e-01
   1.6441909540637328e-02  -1.6211555299398162e-02  -6.0548505264758719e+00   2.4335574091857750e+00  -1.5582794034899458e-01   9.7817191861405419e+00  -8.7578563412632215e-01   1.2630622676984699e-01   2.1564631437517967e-01   2.4220596772974004e-01   1.2002326378948776e-01   2.7031336381056120e-01
   1.7157347386206244e-02  -1.4416791786437778e-02  -6.3820554927785800e+00   2.5084964259279645e+00  -1.6109863478910083e-01   9.5480235975309498e+00  -8.5574159970193875e-01   1.2558632618682847e-01   2.2067323721031437e-01   2.4342106106897993e-01   1.2174074508325000e-01   2.7216653355137715e-01
   1.6959966162202123e-02  -1.3387494213424989e-02  -6.6338817966331423e+00   2.5718222088939258e+00  -1.6575395672139870e-01   9.3550573021250578e+00  -8.4473738664672982e-01   1.2058401679363857e-01   2.1638218808940946e-01   2.4420176642069336e-01   1.2455453975604491e-01   2.7413196839629461e-01
   1.4075774122102425e-02  -1.0318711583687598e-02  -6.8547247699252960e+00   2.6097094811676134e+00  -1.6768882065905080e-01   9.3232979230461552e+00  -8.2877267832400658e-01   1.1736512450219627e-01   2.1450792013633732e-01   2.4630639459285225e-01   1.2318566498453418e-01   2.7539344232390817e-01
   1.4092949325715752e-02  -9.4097390475395663e-03  -7.0819912287450562e+00   2.6608621411781836e+00  -1.7104208945787064e-01   9.2298203302519823e+00  -8.1880093333421922e-01   1.1770802798871366e-01   2.1761346483638591e-01   2.4740632324189407e-01   1.2144860059856245e-01   2.7560778538971231e-01
   1.5185815833242208e-02  -8.7214606391356284e-03  -7.3184645261212511e+00   2.7147364641362963e+00  -1.7447359240239538e-01   9.0159509796656732e+00  -8.1268285662906037e-01   1.1969569265847785e-01   2.2476979842712233e-01   2.4875475075079237e-01   1.2189422868656187e-01   2.7701467291134718e-01
   1.4060301156589518e-02  -1.1715067625904766e-03  -7.7610049296058019e+00   2.8139254196416004e+00  -1.8082466517368867e-01   8.8825631469348085e+00  -8.0116800299948021e-01   1.2292441026709086e-01   2.3486454513050034e-01   2.4952273634234973e-01   1.2255063436329423e-01   2.7799326239069105e-01
   1.4465393656236034e-02  -1.8810975534873410e-03  -7.9599951464424787e+00   2.8341226698790125e+00  -1.8013107680642620e-01   8.7690288673774042e+00  -8.0370648117944588e-01   1.2208724072212020e-01   2.4785533474692442e-01   2.5023927929579265e-01   1.2265487261385270e-01   2.7868246209332614e-01
   1.2661331528638740e-02  -4.5343321864237769e-03  -8.0307103011126504e+00   2.8129219018443581e+00  -1.7645190724061816e-01   8.7944707043047323e+00  -8.0305112401429490e-01   1.2497961296546338e-01   2.5488838791629936e-01   2.5214229875388811e-01   1.3287899930114777e-01   2.8501327561390782e-01
   8.9024038243152182e-03  -5.8555171383958340e-03  -8.1311071120523586e+00   2.8185663955467248e+00  -1.7603460433468571e-01   8.8199817844466128e+00  -8.0031563668825167e-01   1.2166043446259449e-01   2.5455366363174908e-01   2.5435475760328119e-01   1.3727617024140251e-01   2.8903475505822906e-01
   4.3210395245129943e-03  -1.5447160852089265e-03  -8.0435620858671779e+00   2.7586999124867724e+00  -1.6966901300040924e-01   9.0737743088751124e+00  -8.0408058924523962e-01   1.2114018074494487e-01   2.6025858955967068e-01   2.5591936621176298e-01   1.4020321816505235e-01   2.9180758109766047e-01
   4.8923314621995154e-03   9.5284272996524057e-04  -7.9914507667467189e+00   2.7158631568290437e+00  -1.6467440914192549e-01   9.4152912111084373e+00  -8.1896612701413551e-01   1.2393375347127106e-01   2.5866947287220227e-01   2.5563201892849186e-01   1.4640881711789214e-01   2.9459000463579410e-01
   3.9616378081807468e-03   1.3281585504865848e-03  -7.8897963643905005e+00   2.6637042686358399e+00  -1.5937845952667987e-01   9.7788320796395087e+00  -8.2570981783187469e-01   1.2352846356774365e-01   2.5519967378929509e-01   2.5538947029290104e-01   1.4917326522044005e-01   2.9576417057009513e-01
   9.3084651447051159e-04  -8.6723671659308529e-04  -7.8230744934371002e+00   2.6139049057016477e+00  -1.5396292862548935e-01   9.9706225137316444e+00  -8.3527149885440888e-01   1.2638838679827069e-01   2.5722118586608494e-01   2.5537239260746508e-01   1.5288092058571692e-01   2.9763674972220344e-01
  -5.2179154402060425e-04  -3.0206057803656128e-03  -7.7701713153138057e+00   2.5780753652049961e+00  -1.5011991408782777e-01   1.0093939066934793e+01  -8.4157637780893357e-01   1.2480786033532158e-01   2.5403578746666539e-01   2.5431199673984967e-01   1.5587771419084120e-01   2.9828250613666718e-01
  -2.0128628373441873e-03  -4.2301452052522408e-03  -7.6547846032201905e+00   2.5218179354515886e+00  -1.4452840189080479e-01   1.0273115346510464e+01  -8.4878534752006574e-01   1.2174157805767839e-01   2.5058612490803378e-01   2.5230544006627731e-01   1.6018545377025942e-01   2.9886019254263652e-01
  -4.2082251233774570e-03  -2.8087107086925893e-03  -7.6603969557626037e+00   2.4932087136403096e+00  -1.4066413549405840e-01   1.0401053776292908e+01  -8.6590384926158726e-01   1.1818002336754489e-01   2.4583241574801523e-01   2.5007138532061385e-01   1.6280485546532372e-01   2.9839758497557561e-01
  -4.6540687422065132e-03   2.7850094215308037e-04  -7.4313594730913026e+00   2.3747792986689040e+00  -1.2944373798693629e-01   1.0520387293072623e+01  -8.5922416177512517e-01   1.1103069813789307e-01   2.3353835018099722e-01   2.4676315360156323e-01   1.6479956419324507e-01   2.9673380382705339e-01
  -3.4585553428736105e-03  -8.6617016450480798e-04  -7.3859313298090621e+00   2.3415662132603607e+00  -1.2628284761461883e-01   1.0600392430664051e+01  -8.5564569414669600e-01   1.0975598329495709e-01   2.2691664536366582e-01   2.4513969705702401e-01   1.6688345133492744e-01   2.9655279024596382e-01
  -3.4155401787445252e-03  -1.9684741234408994e-03  -7.3007455200802749e+00   2.3007503671577347e+00  -1.2257106388832331e-01   1.0886404496674112e+01  -8.5917224840907624e-01   1.0592811806680109e-01   2.1632360565385608e-01   2.4404245763331917e-01   1.6877070517648596e-01   2.9671581025196270e-01
  -1.5403954366829968e-03  -4.3957786084263427e-03  -7.0935613109005118e+00   2.2120422356598128e+00  -1.1437319581694741e-01   1.1260326469442022e+01  -8.6985039384212026e-01   9.9552727452862727e-02   2.0176636744047569e-01   2.4134033096386948e-01   1.7040754791686794e-01   2.9543846692126891e-01
   1.4671872907124153e-03  -4.8650975341911189e-03  -6.8582532809238472e+00   2.1129440826490615e+00  -1.0521696996297444e-01   1.1588578361441204e+01  -8.8365999778372906e-01   9.6384584538694945e-02   1.9623185224609357e-01   2.3868314043680194e-01   1.7412163970888717e-01   2.9544540433671601e-01
   2.9215330630985503e-03  -7.1042592493766729e-03  -6.5792304735821858e+00   1.9955139659306171e+00  -9.4659493475189718e-02   1.1750817165394700e+01  -8.8961799373624739e-01   9.4249402807584551e-02   1.9784114762366101e-01   2.3469925484866069e-01   1.7898124232512166e-01   2.9515762793931061e-01
   9.4676149608906356e-04  -6.9915533295506118e-03  -6.4443798951546247e+00   1.9350345541839886e+00  -8.9453815792370370e-02   1.1759792058196496e+01  -8.8594689509522018e-01   9.1660267602746023e-02   1.9551294415901815e-01   2.3268683553500502e-01   1.8112641164292229e-01   2.9487275293918869e-01
  -1.1053243308325302e-03  -5.7970410017610342e-03  -6.2321170393871954e+00   1.8454821722974921e+00  -8.1909197955760904e-02   1.1711946448900582e+01  -8.7630691868285149e-01   9.0426705162616999e-02   1.9089717124500843e-01   2.3064829365719305e-01   1.8382610167714722e-01   2.9494180955705762e-01
  -1.5932769098467856e-03  -5.9069013562473667e-03  -6.1324886412080772e+00   1.8027211379640800e+00  -7.8293719715295848e-02   1.1677668151916523e+01  -8.7125433211949876e-01   8.9749281640959758e-02   1.8659515331327281e-01   2.2915322918086212e-01   1.8527715001265893e-01   2.9468427979929646e-01
  -1.7966237262297508e-03  -7.0578104339439809e-03  -5.9358349844254246e+00   1.7204051872585695e+00  -7.1069889422147925e-02   1.1734550565525199e+01  -8.6985634818043700e-01   8.7663829379868996e-02   1.7815162820911842e-01   2.2634323115826627e-01   1.8873148993489647e-01   2.9470465483974001e-01
  -2.7667642954137439e-03  -8.6450909160706024e-03  -5.7709743532915629e+00   1.6516915449967280e+00  -6.4962754660359001e-02   1.1843917377463843e+01  -8.7463255025731523e-01   8.7509975094716752e-02   1.7205145145775610e-01   2.2404342624974682e-01   1.9083572373596586e-01   2.9430210719523509e-01
  -4.1858139004843217e-03  -1.0758240746650842e-02  -5.7221307753336106e+00   1.6255081261703026e+00  -6.2671807431708637e-02   1.1970585618099104e+01  -8.8168811727737517e-01   8.9352211803251910e-02   1.6958317835785366e-01   2.2347840918797249e-01   1.9280726594096231e-01   2.9515629956485062e-01
  -5.1708646662327251e-03  -1.0649492196417677e-02  -5.5992601426833053e+00   1.5744710344180559e+00  -5.8388612034484845e-02   1.2061084220343554e+01  -8.8749102447621564e-01   9.0339787248422607e-02   1.6311367735382473e-01   2.2249985065299221e-01   1.9471409996978672e-01   2.9566833490864042e-01
  -6.7045528476888027e-03  -9.4882777270906115e-03  -5.4389245121778416e+00   1.5085743253148376e+00  -5.2792121465589412e-02   1.2107131480549000e+01  -8.9040425182922267e-01   8.8313617574435524e-02   1.5606882275273301e-01   2.2228537349157848e-01   1.9542583404720634e-01   2.9597642453637546e-01
  -6.5049841579755425e-03  -7.4525361367383689e-03  -5.3483864348891474e+00   1.4675532126066244e+00  -4.9334261912159498e-02   1.2121819472508118e+01  -8.9557752364060095e-01   8.7565392552963778e-02   1.5015243855036473e-01   2.2310264470946084e-01   1.9470334494366720e-01   2.9611515092714957e-01
  -6.5536100007234080e-03  -5.8769159759004871e-03  -5.2776357701179597e+00   1.4346335558196013e+00  -4.6696662827475741e-02   1.2044773960662443e+01  -9.0198386362190075e-01   8.7110091729285133e-02   1.4621849643686174e-01   2.2430206094588723e-01   1.9286486437245701e-01   2.9581796844339719e-01
  -8.3087825674026047e-03  -4.5657962986085715e-03  -5.1494098197527949e+00   1.3721463077622043e+00  -4.2128894024963941e-02   1.1829185507885072e+01  -9.0558603079415456e-01   8.8984695820138265e-02   1.4363162136449628e-01   2.2524546788340155e-01   1.8904798541735879e-01   2.9406574365671084e-01
  -6.5255109905471608e-03  -6.4545441847580192e-04  -5.0399188597558080e+00   1.3164328854961647e+00  -3.8779286698666628e-02   1.1407478453627808e+01  -8.9639648063933519e-01   8.6061694982062883e-02   1.4391207304531503e-01   2.2690548492925905e-01   1.8141787783957464e-01   2.9051427760231857e-01
  -6.4942687903810029e-03   2.5297758502771483e-03  -5.0065941958627596e+00   1.2912172587224249e+00  -3.7850253610357168e-02   1.0945602929647208e+01  -8.8664498392209579e-01   8.4589738993622737e-02   1.5033373063825212e-01   2.2825770208931498e-01   1.7328696151986964e-01   2.8658323327766971e-01
  -8.8482870687903274e-03   6.2016779845844869e-03  -4.9291376871410391e+00   1.2509510189585558e+00  -3.5903494316344833e-02   1.0571212331666455e+01  -8.8395482679533277e-01   8.4893167626755084e-02   1.5560639163218032e-01   2.2922600655353345e-01   1.6330050471123125e-01   2.8144558429547872e-01
  -9.0949479210439589e-03   8.8231160974313744e-03  -4.8321206107141412e+00   1.2088541489538789e+00  -3.3393867730674424e-02   1.0316279389323935e+01  -8.8431378852933529e-01   8.4106058147428511e-02   1.5747317371396743e-01   2.3004545394868295e-01   1.5716024183398561e-01   2.7860411428364162e-01
  -8.7420872388820417e-03   9.6051980265467740e-03  -4.7717347359917444e+00   1.1822591760757375e+00  -3.1882209853107704e-02   1.0114798189746752e+01  -8.8383877770376362e-01   8.3148864689365276e-02   1.5867583863144288e-01   2.3060363732566380e-01   1.5254213241023576e-01   2.7649075881137181e-01
  -8.9148018485633966e-03   1.0412810764964175e-02  -4.6773489976362788e+00   1.1443109946540291e+00  -2.9787478224895310e-02   9.9506113459756911e+00  -8.8818626196282258e-01   8.3009719211573074e-02   1.6027910796982472e-01   2.3043100372980238e-01   1.4595317897391877e-01   2.7276505995548067e-01
  -9.2413003959500705e-03   1.0574989207545352e-02  -4.6137745144377504e+00   1.1183690546467391e+00  -2.8346346716223075e-02   9.8531837923598697e+00  -8.8982820566995269e-01   8.2630762353842604e-02   1.5950051590684003e-01   2.3004193369749462e-01   1.4165942735687276e-01   2.7016047937912685e-01
  -9.8756811350400198e-03   1.0028924259244922e-02  -4.5358128961155284e+00   1.0877203091461942e+00  -2.6729202226941719e-02   9.8075629574190941e+00  -8.9870151701142065e-01   8.1388236239680944e-02   1.5659975818567068e-01   2.2953204753634690e-01   1.3517588384422058e-01   2.6637845336906291e-01
  -1.0523842051959345e-02   1.0358234940085562e-02  -4.5048344047708770e+00   1.0750083287495134e+00  -2.6310542046244185e-02   9.7842089312179610e+00  -9.0518127308911556e-01   8.1483747041577140e-02   1.5531720738502436e-01   2.2909597094075457e-01   1.3053728896647637e-01   2.6367583831668084e-01
